3000	-1.46
2999	-0.646
2998	-0.378
2997	-0.152
2996	-0.043
2995	-0.036
2994	0.052
2993	0.148
2992	0.175
2991	0.206
2990	0.281
2989	0.368
2988	0.455
2987	0.577
2986	0.565
2985	0.264
2984	0.017
2983	0.005
2982	-0.448
2981	-1.234
2980	-1.667
2979	-2.07
2978	-2.419
2977	-2.776
2976	-3.035
2975	-3.158
2974	-2.884
2973	-1.948
2972	-1.232
2971	-1.013
2970	-0.98
2969	-0.958
2968	-0.918
2967	-0.634
2966	-0.101
2965	0.117
2964	0.203
2963	0.295
2962	0.462
2961	0.541
2960	0.328
2959	0.032
2958	-0.01
2957	0.028
2956	0.378
2955	0.885
2954	1.272
2953	1.43
2952	1.444
2951	1.276
2950	0.945
2949	0.767
2948	0.906
2947	1.082
2946	1.168
2945	1.24
2944	1.2
2943	0.989
2942	0.748
2941	0.575
2940	0.408
2939	0.208
2938	0.004
2937	0.003
2936	-0.081
2935	-0.989
2934	-2.153
2933	-3.41
2932	-4.305
2931	-4.914
2930	-5.067
2929	-4.421
2928	-3.995
2927	-4.077
2926	-4.229
2925	-4.437
2924	-4.715
2923	-4.838
2922	-4.921
2921	-5.047
2920	-5.123
2919	-5.016
2918	-5.049
2917	-5.188
2916	-5.402
2915	-5.396
2914	-5.091
2913	-4.189
2912	-3.454
2911	-2.972
2910	-2.714
2909	-2.452
2908	-2.197
2907	-1.969
2906	-1.862
2905	-1.665
2904	-1.037
2903	-0.508
2902	-0.312
2901	-0.174
2900	0.02
2899	0.18
2898	0.11
2897	-0.051
2896	-0.051
2895	-0.051
2894	-0.062
2893	-0.096
2892	-0.53
2891	-1.291
2890	-1.713
2889	-2.005
2888	-2.201
2887	-2.393
2886	-2.582
2885	-2.728
2884	-2.763
2883	-2.749
2882	-2.751
2881	-2.751
2880	-2.742
2879	-2.669
2878	-2.409
2877	-1.344
2876	-0.658
2875	-0.405
2874	-0.258
2873	-0.229
2872	-0.214
2871	-0.204
2870	-0.195
2869	-0.187
2868	-0.184
2867	-0.182
2866	-0.191
2865	-0.189
2864	-0.19
2863	-0.085
2862	0.076
2861	-0.039
2860	-0.122
2859	-0.127
2858	-0.166
2857	-0.383
2856	-1.028
2855	-1.353
2854	-1.396
2853	-1.41
2852	-1.447
2851	-1.46
2850	-1.546
2849	-1.869
2848	-2.206
2847	-2.35
2846	-2.302
2845	-2.203
2844	-2.206
2843	-2.183
2842	-2.145
2841	-1.902
2840	-1.462
2839	-0.901
2838	-0.757
2837	-0.432
2836	0.064
2835	0.364
2834	0.479
2833	0.469
2832	0.369
2831	0.322
2830	0.383
2829	0.478
2828	0.512
2827	0.461
2826	0.313
2825	0.103
2824	0.018
2823	0.018
2822	0.018
2821	-0.012
2820	-0.082
2819	-0.593
2818	-1.283
2817	-2.213
2816	-3.573
2815	-5.054
2814	-6.746
2813	-8.663
2812	-10.561
2811	-12.388
2810	-14.361
2809	-16.536
2808	-18.903
2807	-21.366
2806	-23.437
2805	-25.12
2804	-26.321
2803	-26.408
2802	-24.906
2801	-21.368
2800	-17.81
2799	-14.472
2798	-12.453
2797	-11.337
2796	-10.533
2795	-9.326
2794	-7.614
2793	-5.542
2792	-3.393
2791	-1.9
2790	-1.177
2789	-0.748
2788	-0.38
2787	-0.064
2786	0.132
2785	0.247
2784	0.297
2783	0.284
2782	0.258
2781	0.216
2780	0.116
2779	-0.006
2778	-0.006
2777	-0.006
2776	-0.006
2775	-0.006
2774	-0.006
2773	-0.01
2772	0.249
2771	0.384
2770	0.377
2769	0.317
2768	0.196
2767	0.04
2766	-0.006
2765	-0.006
2764	-0.006
2763	-0.006
2762	-0.006
2761	-0.006
2760	0.058
2759	0.209
2758	0.237
2757	0.227
2756	0.165
2755	0.084
2754	0.1
2753	0.202
2752	0.296
2751	0.383
2750	0.518
2749	0.603
2748	0.529
2747	0.389
2746	0.403
2745	0.605
2744	0.745
2743	0.637
2742	0.426
2741	0.293
2740	0.31
2739	0.365
2738	0.286
2737	0.07
2736	0.016
2735	0.004
2734	-0.046
2733	-0.185
2732	-0.687
2731	-1.142
2730	-1.556
2729	-2.253
2728	-3.143
2727	-4.024
2726	-4.932
2725	-6.277
2724	-8.387
2723	-11.177
2722	-14.292
2721	-17.696
2720	-21.33
2719	-24.632
2718	-27.611
2717	-30.426
2716	-32.83
2715	-34.28
2714	-34.622
2713	-33.203
2712	-30.746
2711	-28.473
2710	-27.024
2709	-26.16
2708	-25.664
2707	-25.397
2706	-25.183
2705	-23.926
2704	-20.145
2703	-17.833
2702	-16.821
2701	-16.557
2700	-16.867
2699	-17.408
2698	-17.676
2697	-18.111
2696	-18.812
2695	-19.61
2694	-20.086
2693	-20.313
2692	-20.493
2691	-20.852
2690	-21.523
2689	-22.531
2688	-23.598
2687	-24.288
2686	-24.488
2685	-24.083
2684	-22.574
2683	-20.328
2682	-17.673
2681	-14.849
2680	-12.762
2679	-11.305
2678	-9.96
2677	-8.111
2676	-5.965
2675	-3.992
2674	-2.172
2673	-0.783
2672	-0.13
2671	0.102
2670	0.05
2669	-0.03
2668	-0.03
2667	-0.03
2666	-0.034
2665	0.338
2664	0.627
2663	0.531
2662	0.261
2661	0.097
2660	0.159
2659	0.277
2658	0.144
2657	0.025
2656	0.025
2655	-0.02
2654	-0.272
2653	-0.955
2652	-1.591
2651	-2.924
2650	-5.064
2649	-8.408
2648	-13.499
2647	-19.542
2646	-25.52
2645	-30.433
2644	-33.673
2643	-34.489
2642	-33.346
2641	-30.968
2640	-27.454
2639	-22.857
2638	-19.342
2637	-16.809
2636	-14.951
2635	-14.105
2634	-13.358
2633	-12.011
2632	-9.726
2631	-7.453
2630	-5.161
2629	-3.406
2628	-2.55
2627	-2.284
2626	-2.164
2625	-1.998
2624	-1.765
2623	-1.503
2622	-1.203
2621	-0.964
2620	-0.974
2619	-1.151
2618	-1.581
2617	-1.847
2616	-1.997
2615	-2.302
2614	-2.931
2613	-3.694
2612	-4.421
2611	-5.191
2610	-6.777
2609	-10.322
2608	-15.339
2607	-20.539
2606	-26.043
2605	-31.377
2604	-35.779
2603	-39.892
2602	-43.61
2601	-46.099
2600	-46.946
2599	-44.423
2598	-40.059
2597	-33.54
2596	-26.259
2595	-21.792
2594	-18.746
2593	-16.253
2592	-14.584
2591	-13.302
2590	-11.019
2589	-7.866
2588	-4.698
2587	-1.42
2586	0.156
2585	0.086
2584	0.009
2583	0.009
2582	0.009
2581	0.009
2580	0.009
2579	-0.008
2578	-0.062
2577	-0.44
2576	-1.039
2575	-1.376
2574	-1.705
2573	-1.972
2572	-2.147
2571	-2.256
2570	-2.35
2569	-2.449
2568	-2.634
2567	-3.065
2566	-3.679
2565	-3.907
2564	-3.622
2563	-2.958
2562	-2.205
2561	-2.008
2560	-2.05
2559	-2.088
2558	-2.073
2557	-2.143
2556	-2.206
2555	-2.19
2554	-1.92
2553	-1.366
2552	-0.717
2551	-0.432
2550	-0.119
2549	0.057
2548	0.048
2547	-0.023
2546	-0.011
2545	-0.011
2544	-0.011
2543	-0.03
2542	-0.566
2541	-1.679
2540	-3.025
2539	-5.242
2538	-7.84
2537	-10.48
2536	-13.439
2535	-17.505
2534	-23.114
2533	-29.114
2532	-34.249
2531	-38.768
2530	-43.128
2529	-47.327
2528	-51.515
2527	-55.139
2526	-57.755
2525	-59.732
2524	-60.408
2523	-59.802
2522	-59.268
2521	-59.378
2520	-59.692
2519	-59.661
2518	-58.341
2517	-54.961
2516	-50.702
2515	-46.175
2514	-41.403
2513	-37.44
2512	-33.939
2511	-30.813
2510	-27.51
2509	-23.198
2508	-20.179
2507	-18.442
2506	-17.278
2505	-16.25
2504	-14.725
2503	-11.515
2502	-7.683
2501	-4.651
2500	-3.096
2499	-2.706
2498	-2.695
2497	-3.747
2496	-4.555
2495	-5.375
2494	-6.282
2493	-8.009
2492	-10.861
2491	-15.455
2490	-24.224
2489	-35.657
2488	-46.553
2487	-55.587
2486	-60.57
2485	-62.176
2484	-61.69
2483	-59.469
2482	-54.583
2481	-48.071
2480	-41.727
2479	-36.465
2478	-32.476
2477	-30.01
2476	-27.34
2475	-24.057
2474	-20.693
2473	-17.821
2472	-14.546
2471	-11.766
2470	-10.04
2469	-8.608
2468	-7.187
2467	-5.819
2466	-4.436
2465	-2.877
2464	-1.34
2463	-0.514
2462	-0.359
2461	-0.35
2460	-0.347
2459	-0.361
2458	-0.363
2457	-0.373
2456	-0.653
2455	-1.907
2454	-3.702
2453	-6.041
2452	-8.674
2451	-11.85
2450	-15.947
2449	-21.16
2448	-27.436
2447	-33.569
2446	-38.959
2445	-43.357
2444	-46.662
2443	-49.19
2442	-50.794
2441	-52.258
2440	-54.01
2439	-55.91
2438	-57.144
2437	-57.535
2436	-57.811
2435	-57.956
2434	-58.393
2433	-58.611
2432	-57.941
2431	-55.006
2430	-49.077
2429	-40.866
2428	-33.128
2427	-26.775
2426	-22.642
2425	-20.498
2424	-19.449
2423	-18.466
2422	-16.967
2421	-14.976
2420	-12.731
2419	-10.74
2418	-9.498
2417	-8.835
2416	-8.508
2415	-8.305
2414	-8.221
2413	-8.188
2412	-8.076
2411	-7.878
2410	-7.813
2409	-7.918
2408	-8.828
2407	-10.352
2406	-12.189
2405	-13.837
2404	-15.214
2403	-16.257
2402	-16.599
2401	-16.177
2400	-15.401
2399	-14.538
2398	-13.944
2397	-13.509
2396	-13.266
2395	-13.35
2394	-13.586
2393	-13.853
2392	-14.009
2391	-13.998
2390	-13.899
2389	-13.779
2388	-13.472
2387	-12.688
2386	-11.297
2385	-9.679
2384	-7.724
2383	-6.105
2382	-5.218
2381	-4.864
2380	-4.739
2379	-4.705
2378	-4.686
2377	-4.681
2376	-4.765
2375	-5.725
2374	-7.169
2373	-8.941
2372	-11.253
2371	-13.568
2370	-15.591
2369	-17.203
2368	-18.653
2367	-20.865
2366	-23.611
2365	-26.057
2364	-27.836
2363	-29.482
2362	-31.134
2361	-33.402
2360	-36.565
2359	-39.365
2358	-41.186
2357	-41.796
2356	-41.583
2355	-39.946
2354	-36.084
2353	-32.167
2352	-28.734
2351	-24.556
2350	-19.479
2349	-13.843
2348	-8.859
2347	-5.538
2346	-3.757
2345	-3.07
2344	-2.664
2343	-2.049
2342	-1.102
2341	-0.566
2340	-0.387
2339	-0.327
2338	-0.356
2337	-0.704
2336	-1.545
2335	-2.055
2334	-3.128
2333	-4.721
2332	-6.395
2331	-8.162
2330	-9.873
2329	-11.349
2328	-12.357
2327	-12.583
2326	-12.148
2325	-11.778
2324	-11.664
2323	-11.994
2322	-13.046
2321	-15.001
2320	-16.945
2319	-18.583
2318	-20.263
2317	-21.909
2316	-23.432
2315	-24.791
2314	-26.01
2313	-26.576
2312	-26.482
2311	-25.156
2310	-22.509
2309	-18.775
2308	-15.442
2307	-12.74
2306	-10.465
2305	-8.621
2304	-7.125
2303	-5.596
2302	-4.011
2301	-2.671
2300	-1.672
2299	-0.911
2298	-0.73
2297	-0.73
2296	-0.898
2295	-1.612
2294	-2.268
2293	-3.231
2292	-5.04
2291	-7.45
2290	-10.683
2289	-14.088
2288	-17.32
2287	-20.465
2286	-24.09
2285	-28.077
2284	-31.476
2283	-33.962
2282	-35.616
2281	-36.538
2280	-36.533
2279	-35.879
2278	-35.239
2277	-34.525
2276	-33.71
2275	-31.931
2274	-27.168
2273	-22.761
2272	-19.658
2271	-17.787
2270	-16.531
2269	-15.375
2268	-13.901
2267	-13.173
2266	-12.972
2265	-12.73
2264	-11.814
2263	-9.472
2262	-6.653
2261	-4.372
2260	-2.788
2259	-1.916
2258	-1.595
2257	-1.511
2256	-1.467
2255	-1.441
2254	-1.475
2253	-1.683
2252	-2.543
2251	-3.263
2250	-4.765
2249	-7.316
2248	-10.88
2247	-15.203
2246	-20.707
2245	-27.128
2244	-33.166
2243	-38.815
2242	-44.313
2241	-48.248
2240	-49.802
2239	-48.294
2238	-43.7
2237	-36.806
2236	-29.694
2235	-24.291
2234	-20.635
2233	-17.66
2232	-15.735
2231	-14.443
2230	-13.119
2229	-11.938
2228	-11.215
2227	-10.815
2226	-10.679
2225	-10.789
2224	-11.437
2223	-12.409
2222	-13.267
2221	-14.179
2220	-14.933
2219	-15.487
2218	-15.841
2217	-16.037
2216	-16.017
2215	-15.686
2214	-14.914
2213	-14.065
2212	-13.898
2211	-13.871
2210	-13.995
2209	-14.171
2208	-14.576
2207	-15.273
2206	-16.595
2205	-18.699
2204	-21.587
2203	-24.773
2202	-28.13
2201	-31.817
2200	-35.404
2199	-38.33
2198	-40.37
2197	-41.518
2196	-40.793
2195	-38.514
2194	-35.153
2193	-31.373
2192	-27.455
2191	-24.077
2190	-20.749
2189	-17.133
2188	-14
2187	-11.823
2186	-10.343
2185	-9.547
2184	-9.091
2183	-8.812
2182	-8.501
2181	-8.37
2180	-8.417
2179	-8.623
2178	-9.326
2177	-10.147
2176	-10.907
2175	-11.761
2174	-12.994
2173	-14.259
2172	-15.403
2171	-16.398
2170	-17.426
2169	-18.921
2168	-20.767
2167	-22.782
2166	-25.166
2165	-27.751
2164	-30.351
2163	-33.423
2162	-36.96
2161	-40.855
2160	-44.803
2159	-48.27
2158	-51.629
2157	-55.381
2156	-59.535
2155	-63.701
2154	-66.568
2153	-68.225
2152	-68.437
2151	-67.653
2150	-65.563
2149	-61.426
2148	-55.624
2147	-47.508
2146	-38.108
2145	-29.707
2144	-23.017
2143	-17.557
2142	-12.321
2141	-7.398
2140	-4.221
2139	-2.434
2138	-1.531
2137	-1.099
2136	-0.812
2135	-0.571
2134	-0.466
2133	-0.447
2132	-0.455
2131	-0.495
2130	-1.135
2129	-2.355
2128	-3.683
2127	-4.737
2126	-5.897
2125	-7.593
2124	-9.658
2123	-11.691
2122	-13.481
2121	-14.702
2120	-15.467
2119	-15.955
2118	-16.067
2117	-15.407
2116	-13.75
2115	-12.162
2114	-11.415
2113	-11.349
2112	-11.5
2111	-11.816
2110	-12.496
2109	-13.568
2108	-14.763
2107	-15.885
2106	-16.781
2105	-17.188
2104	-17.133
2103	-16.45
2102	-15.268
2101	-13.726
2100	-12.609
2099	-11.936
2098	-11.56
2097	-11.301
2096	-11.195
2095	-11.225
2094	-11.49
2093	-12.49
2092	-13.258
2091	-14.367
2090	-16.459
2089	-19.685
2088	-23.495
2087	-26.631
2086	-29.748
2085	-33.383
2084	-37.176
2083	-40.968
2082	-43.973
2081	-46.224
2080	-48.544
2079	-51.468
2078	-54.18
2077	-56.205
2076	-58.091
2075	-60.179
2074	-62.341
2073	-64
2072	-64.874
2071	-65.107
2070	-64.828
2069	-64.482
2068	-63.694
2067	-63.15
2066	-62.766
2065	-60.015
2064	-54.437
2063	-47.524
2062	-40.747
2061	-35.856
2060	-33.165
2059	-31.472
2058	-30.021
2057	-28.834
2056	-27.853
2055	-27.127
2054	-26.601
2053	-26.587
2052	-26.804
2051	-27.144
2050	-27.698
2049	-28.385
2048	-29.301
2047	-30.519
2046	-31.752
2045	-32.354
2044	-31.918
2043	-30.849
2042	-29.847
2041	-28.906
2040	-28.416
2039	-28.065
2038	-27.579
2037	-27.051
2036	-26.495
2035	-24.938
2034	-21.366
2033	-17.933
2032	-15.109
2031	-12.914
2030	-12.057
2029	-11.657
2028	-11.209
2027	-9.927
2026	-7.426
2025	-5.855
2024	-5.343
2023	-5.272
2022	-5.494
2021	-6.044
2020	-6.267
2019	-6.343
2018	-6.889
2017	-8.373
2016	-10.469
2015	-12.525
2014	-14.367
2013	-15.709
2012	-15.98
2011	-15.976
2010	-17.706
2009	-21.059
2008	-24.942
2007	-29.144
2006	-32.435
2005	-34.354
2004	-34.891
2003	-35.334
2002	-36.095
2001	-36.364
2000	-35.758
1999	-34.043
1998	-31.483
1997	-28.647
1996	-26.622
1995	-25.903
1994	-25.833
1993	-25.875
1992	-25.98
1991	-25.892
1990	-25.189
1989	-23.476
1988	-21.084
1987	-18.109
1986	-15.25
1985	-12.957
1984	-11.491
1983	-10.513
1982	-9.648
1981	-8.92
1980	-8.615
1979	-8.559
1978	-8.591
1977	-9.114
1976	-9.718
1975	-9.85
1974	-9.856
1973	-10.036
1972	-10.654
1971	-11.601
1970	-12.314
1969	-12.693
1968	-12.876
1967	-13.123
1966	-13.862
1965	-15.888
1964	-19.139
1963	-22.516
1962	-26.058
1961	-29.922
1960	-33.42
1959	-35.724
1958	-37.944
1957	-40.509
1956	-42.823
1955	-45.733
1954	-48.299
1953	-50.377
1952	-51.784
1951	-52.842
1950	-53.581
1949	-53.876
1948	-53.605
1947	-52.906
1946	-51.227
1945	-48.673
1944	-46.457
1943	-43.365
1942	-37.376
1941	-30.929
1940	-26.075
1939	-23.65
1938	-22.767
1937	-22.471
1936	-22.043
1935	-21.192
1934	-20.363
1933	-19.731
1932	-19.312
1931	-18.933
1930	-18.559
1929	-18.221
1928	-17.656
1927	-16.936
1926	-16.541
1925	-16.714
1924	-17.037
1923	-17.636
1922	-18.481
1921	-19.405
1920	-20.269
1919	-20.801
1918	-21.401
1917	-22.098
1916	-22.921
1915	-24.22
1914	-25.936
1913	-27.446
1912	-28.598
1911	-29.522
1910	-30.302
1909	-30.999
1908	-32.15
1907	-33.757
1906	-35.397
1905	-36.346
1904	-36.888
1903	-37.224
1902	-37.631
1901	-38.182
1900	-38.137
1899	-36.558
1898	-33.231
1897	-31.121
1896	-29.688
1895	-28.673
1894	-27.596
1893	-26.66
1892	-26.211
1891	-26.174
1890	-26.12
1889	-25.861
1888	-25.779
1887	-26.162
1886	-26.84
1885	-27.351
1884	-27.559
1883	-27.688
1882	-27.858
1881	-28.009
1880	-28.088
1879	-28.067
1878	-27.95
1877	-27.969
1876	-28.083
1875	-28.174
1874	-28.247
1873	-28.378
1872	-28.923
1871	-30.012
1870	-31.753
1869	-33.78
1868	-36.819
1867	-41
1866	-46.104
1865	-51.793
1864	-57.542
1863	-61.096
1862	-61.623
1861	-58.963
1860	-52.247
1859	-43.06
1858	-35.039
1857	-29.3
1856	-25.096
1855	-22.616
1854	-21.123
1853	-20.097
1852	-19.461
1851	-19.236
1850	-19.58
1849	-20.912
1848	-21.933
1847	-22.946
1846	-23.72
1845	-24.177
1844	-24.592
1843	-25.064
1842	-25.347
1841	-25.395
1840	-25.335
1839	-25.224
1838	-25.056
1837	-24.87
1836	-24.621
1835	-24.437
1834	-23.992
1833	-22.842
1832	-20.951
1831	-18.885
1830	-17.997
1829	-17.79
1828	-18.364
1827	-19.608
1826	-20.863
1825	-22.025
1824	-23.082
1823	-24.36
1822	-25.724
1821	-27.119
1820	-29.532
1819	-32.194
1818	-33.755
1817	-33.91
1816	-32.312
1815	-29.659
1814	-27.714
1813	-25.843
1812	-24.026
1811	-22.239
1810	-20.989
1809	-20.655
1808	-20.69
1807	-20.98
1806	-21.502
1805	-22.282
1804	-23.788
1803	-25.816
1802	-28.326
1801	-31.005
1800	-33.653
1799	-35.934
1798	-38.565
1797	-42.388
1796	-46.237
1795	-50.074
1794	-53.528
1793	-55.748
1792	-56.88
1791	-56.914
1790	-55.013
1789	-50.758
1788	-46.196
1787	-42.477
1786	-39.557
1785	-37.666
1784	-36.534
1783	-35.28
1782	-33.593
1781	-31.748
1780	-29.642
1779	-27.574
1778	-25.85
1777	-24.63
1776	-23.578
1775	-22.01
1774	-19.989
1773	-18.322
1772	-17.406
1771	-16.929
1770	-16.904
1769	-16.9
1768	-16.799
1767	-16.579
1766	-16.41
1765	-16.313
1764	-16.28
1763	-16.236
1762	-16.133
1761	-16.069
1760	-16.209
1759	-17.109
1758	-18.211
1757	-19.133
1756	-19.918
1755	-20.813
1754	-22.92
1753	-27.688
1752	-35.352
1751	-43.617
1750	-52.08
1749	-60.646
1748	-67.978
1747	-72.337
1746	-73.618
1745	-69.202
1744	-59.368
1743	-49.134
1742	-40.539
1741	-34.859
1740	-31.681
1739	-28.925
1738	-25.885
1737	-23.347
1736	-22.26
1735	-22.371
1734	-23.452
1733	-24.876
1732	-26.18
1731	-27.304
1730	-28.187
1729	-29.042
1728	-30.141
1727	-31.17
1726	-31.677
1725	-31.763
1724	-31.468
1723	-30.656
1722	-28.73
1721	-26.167
1720	-24.213
1719	-23.025
1718	-22.679
1717	-22.978
1716	-24.146
1715	-25.218
1714	-26.605
1713	-28.316
1712	-30.317
1711	-32.715
1710	-37.248
1709	-43.283
1708	-49.748
1707	-55.765
1706	-60.588
1705	-64.131
1704	-66.599
1703	-67.812
1702	-68.369
1701	-66.304
1700	-61.382
1699	-54.739
1698	-48.178
1697	-43.579
1696	-40.185
1695	-38.177
1694	-36.804
1693	-35.245
1692	-34.083
1691	-33.466
1690	-33.128
1689	-32.848
1688	-32.499
1687	-31.998
1686	-31.053
1685	-29.701
1684	-28.483
1683	-27.931
1682	-27.708
1681	-27.753
1680	-28.001
1679	-28.464
1678	-28.763
1677	-28.816
1676	-28.691
1675	-29.001
1674	-30.348
1673	-31.995
1672	-33.514
1671	-34.856
1670	-35.731
1669	-36.477
1668	-37.853
1667	-39.922
1666	-42.119
1665	-44.4
1664	-46.776
1663	-48.664
1662	-50.083
1661	-51.555
1660	-53.284
1659	-54.967
1658	-56.599
1657	-58.635
1656	-60.987
1655	-63.18
1654	-65.064
1653	-66.31
1652	-66.747
1651	-66.501
1650	-66.015
1649	-64.95
1648	-63.13
1647	-60.617
1646	-57.552
1645	-53.413
1644	-48.517
1643	-43.981
1642	-39.396
1641	-35.783
1640	-33.43
1639	-31.737
1638	-30.655
1637	-29.914
1636	-29.513
1635	-29.291
1634	-29.192
1633	-29.138
1632	-28.959
1631	-28.871
1630	-29.916
1629	-32.632
1628	-34.554
1627	-35.602
1626	-35.906
1625	-34.936
1624	-33.294
1623	-32.488
1622	-31.873
1621	-31.514
1620	-32.118
1619	-33.657
1618	-35.201
1617	-36.263
1616	-36.927
1615	-37.318
1614	-37.539
1613	-37.447
1612	-36.836
1611	-35.224
1610	-32.991
1609	-31.179
1608	-29.58
1607	-27.725
1606	-25.162
1605	-21.723
1604	-18.006
1603	-15.542
1602	-14.406
1601	-14.03
1600	-14.285
1599	-15.403
1598	-16.119
1597	-17.084
1596	-18.462
1595	-20.4
1594	-22.577
1593	-24.595
1592	-26.154
1591	-27.273
1590	-27.621
1589	-27.374
1588	-27.137
1587	-27.291
1586	-27.765
1585	-29.336
1584	-32.06
1583	-34.815
1582	-37.646
1581	-40.781
1580	-44.896
1579	-49.515
1578	-54.438
1577	-59.086
1576	-63.053
1575	-65.717
1574	-66.557
1573	-65.099
1572	-60.412
1571	-53.234
1570	-46.009
1569	-39.869
1568	-34.754
1567	-30.953
1566	-27.858
1565	-25.385
1564	-24.069
1563	-23.579
1562	-23.776
1561	-24.876
1560	-25.844
1559	-26.983
1558	-28
1557	-28.625
1556	-29.041
1555	-29.263
1554	-29.313
1553	-29.313
1552	-29.315
1551	-29.526
1550	-30.286
1549	-31.455
1548	-32.956
1547	-34.403
1546	-36.444
1545	-40.063
1544	-45.232
1543	-51.092
1542	-57.123
1541	-62.82
1540	-68.455
1539	-73.284
1538	-77.577
1537	-81.742
1536	-84.842
1535	-84.76
1534	-81.886
1533	-76.574
1532	-69.712
1531	-63.007
1530	-57.338
1529	-52.452
1528	-47.707
1527	-43.483
1526	-39.869
1525	-36.933
1524	-34.642
1523	-33.224
1522	-32.283
1521	-31.59
1520	-31.498
1519	-31.783
1518	-32.01
1517	-32.006
1516	-31.89
1515	-31.759
1514	-31.777
1513	-32.347
1512	-33.91
1511	-36.205
1510	-39.434
1509	-43.635
1508	-47.913
1507	-52.377
1506	-57.186
1505	-62.234
1504	-67.384
1503	-71.994
1502	-75.318
1501	-77.457
1500	-78.216
1499	-77.616
1498	-77.013
1497	-75.932
1496	-73.484
1495	-68.826
1494	-61.028
1493	-50.541
1492	-40.459
1491	-32.934
1490	-26.363
1489	-21.437
1488	-18.559
1487	-16.821
1486	-16.335
1485	-16.543
1484	-17.014
1483	-17.074
1482	-16.868
1481	-16.418
1480	-15.939
1479	-15.51
1478	-14.693
1477	-12.631
1476	-10.722
1475	-9.406
1474	-8.562
1473	-8.289
1472	-8.262
1471	-8.882
1470	-10.598
1469	-14.237
1468	-20.413
1467	-28.067
1466	-38.04
1465	-48.565
1464	-58.106
1463	-65.575
1462	-70.786
1461	-73.68
1460	-74.865
1459	-76.244
1458	-77.299
1457	-77.409
1456	-76.427
1455	-73.379
1454	-66.388
1453	-55.328
1452	-43.585
1451	-33.041
1450	-24.419
1449	-18.3
1448	-14.142
1447	-11.583
1446	-10.207
1445	-9.488
1444	-9.121
1443	-8.896
1442	-8.648
1441	-8.224
1440	-7.507
1439	-6.207
1438	-4.732
1437	-3.65
1436	-2.944
1435	-2.683
1434	-2.558
1433	-2.518
1432	-2.536
1431	-2.627
1430	-3.344
1429	-4.23
1428	-5.571
1427	-7.196
1426	-9.356
1425	-12.12
1424	-15.835
1423	-20.136
1422	-25.435
1421	-31.419
1420	-36.257
1419	-39.917
1418	-42.873
1417	-45.782
1416	-49.152
1415	-53.576
1414	-58.623
1413	-63.171
1412	-67.284
1411	-69.055
1410	-67.853
1409	-63.536
1408	-58.083
1407	-53.447
1406	-48.723
1405	-43.33
1404	-36.923
1403	-31.327
1402	-27.101
1401	-24.154
1400	-21.954
1399	-20.099
1398	-18.854
1397	-18.213
1396	-18.084
1395	-18.929
1394	-19.44
1393	-19.778
1392	-20.486
1391	-21.674
1390	-22.608
1389	-23.279
1388	-23.902
1387	-24.451
1386	-25.271
1385	-26.977
1384	-28.941
1383	-30.505
1382	-32.338
1381	-34.526
1380	-37.079
1379	-39.833
1378	-42.499
1377	-44.967
1376	-47.471
1375	-50.363
1374	-54.054
1373	-58.721
1372	-62.869
1371	-65.529
1370	-68.088
1369	-70.323
1368	-70.76
1367	-69.006
1366	-65.675
1365	-60.711
1364	-55.299
1363	-48.969
1362	-41.705
1361	-34.05
1360	-28.186
1359	-24.147
1358	-21.031
1357	-18.518
1356	-16.482
1355	-14.908
1354	-13.962
1353	-13.603
1352	-13.957
1351	-15.336
1350	-16.577
1349	-18.267
1348	-20.806
1347	-24.57
1346	-28.47
1345	-32.341
1344	-36.548
1343	-40.768
1342	-44.832
1341	-48.507
1340	-51.12
1339	-52.614
1338	-53.925
1337	-55.677
1336	-57.414
1335	-59.153
1334	-60.137
1333	-59.504
1332	-59.142
1331	-58.516
1330	-58.477
1329	-59.147
1328	-59.329
1327	-58.738
1326	-58.087
1325	-57.029
1324	-55.225
1323	-53.354
1322	-51.59
1321	-49.438
1320	-45.935
1319	-40.983
1318	-35.371
1317	-30.635
1316	-27.949
1315	-26.957
1314	-26.67
1313	-26.658
1312	-26.706
1311	-26.882
1310	-27.509
1309	-28.705
1308	-30.361
1307	-32.205
1306	-34.223
1305	-36.315
1304	-38.754
1303	-41.532
1302	-44.569
1301	-48.047
1300	-51.408
1299	-54.733
1298	-58.118
1297	-61.143
1296	-62.602
1295	-62.147
1294	-61.444
1293	-61.482
1292	-62.838
1291	-65.654
1290	-68.342
1289	-69.703
1288	-68.441
1287	-64.37
1286	-57.871
1285	-50.25
1284	-42.348
1283	-36.501
1282	-31.552
1281	-27.583
1280	-25.616
1279	-24.948
1278	-24.682
1277	-25.301
1276	-26.355
1275	-27.731
1274	-29.149
1273	-30.147
1272	-31.092
1271	-31.861
1270	-32.777
1269	-33.826
1268	-34.725
1267	-35.256
1266	-35.7
1265	-36.193
1264	-37.074
1263	-38.351
1262	-39.402
1261	-40.207
1260	-40.837
1259	-41.533
1258	-43.258
1257	-46.912
1256	-52.642
1255	-59.252
1254	-65.614
1253	-70.722
1252	-74.717
1251	-77.686
1250	-79.77
1249	-81.573
1248	-80.519
1247	-75.483
1246	-67.717
1245	-57.757
1244	-45.493
1243	-34.393
1242	-24.837
1241	-17.18
1240	-11.969
1239	-9.816
1238	-8.919
1237	-8.506
1236	-8.287
1235	-8.152
1234	-8.074
1233	-8.02
1232	-8.016
1231	-8.033
1230	-8.137
1229	-8.47
1228	-9.275
1227	-9.945
1226	-10.719
1225	-11.855
1224	-1.41E+01
1223	-18.307
1222	-23.546
1221	-28.73
1220	-33.237
1219	-35.637
1218	-36.892
1217	-38.461
1216	-41.36
1215	-45.853
1214	-50.487
1213	-54.739
1212	-58.276
1211	-61.078
1210	-63.236
1209	-65.011
1208	-65.541
1207	-65.192
1206	-65.093
1205	-65.364
1204	-65.483
1203	-65.635
1202	-66.534
1201	-68.019
1200	-70.304
1199	-72.862
1198	-74.421
1197	-75.047
1196	-74.831
1195	-74.591
1194	-73.385
1193	-70.539
1192	-66.417
1191	-61.262
1190	-54.347
1189	-45.561
1188	-39.147
1187	-35.278
1186	-32.587
1185	-31.384
1184	-31.333
1183	-31.542
1182	-31.689
1181	-31.782
1180	-32.323
1179	-32.937
1178	-33.747
1177	-35.073
1176	-36.219
1175	-36.415
1174	-36.457
1173	-36.325
1172	-35.536
1171	-32.893
1170	-29.915
1169	-27.741
1168	-25.29
1167	-22.945
1166	-21.846
1165	-21.481
1164	-21.258
1163	-21.143
1162	-21.171
1161	-21.214
1160	-21.867
1159	-22.702
1158	-23.932
1157	-25.268
1156	-26.321
1155	-27.065
1154	-27.556
1153	-27.843
1152	-28
1151	-28.297
1150	-29.224
1149	-30.501
1148	-31.277
1147	-31.781
1146	-32.314
1145	-33.122
1144	-34.046
1143	-35.697
1142	-37.813
1141	-40.312
1140	-42.722
1139	-45.336
1138	-48.863
1137	-52.889
1136	-57.146
1135	-61.541
1134	-63.952
1133	-64.619
1132	-66.195
1131	-68.784
1130	-71.584
1129	-75.312
1128	-79.073
1127	-81.762
1126	-82.962
1125	-83.295
1124	-83.498
1123	-83.293
1122	-80.965
1121	-76.05
1120	-71.111
1119	-66.797
1118	-63.793
1117	-62.514
1116	-61.147
1115	-58.964
1114	-55.242
1113	-50.823
1112	-46.799
1111	-42.569
1110	-39.294
1109	-37.671
1108	-37.043
1107	-37.039
1106	-37.955
1105	-40.309
1104	-42.749
1103	-44.933
1102	-47.755
1101	-51.267
1100	-55.233
1099	-59.437
1098	-62.14
1097	-62.577
1096	-61.474
1095	-58.961
1094	-56.67
1093	-55.143
1092	-53.733
1091	-52.004
1090	-50.824
1089	-50.162
1088	-49.902
1087	-49.977
1086	-49.594
1085	-48.485
1084	-47.683
1083	-46.742
1082	-45.048
1081	-42.397
1080	-38.475
1079	-33.165
1078	-28.74
1077	-25.084
1076	-21.216
1075	-16.619
1074	-11.027
1073	-5.259
1072	-2.051
1071	-0.721
1070	-0.253
1069	-0.174
1068	-0.17
1067	-0.248
1066	-1.491
1065	-4.345
1064	-10.512
1063	-18.554
1062	-28.385
1061	-39.603
1060	-50.75
1059	-60.484
1058	-66.983
1057	-70.174
1056	-70.747
1055	-69.686
1054	-68.833
1053	-68.324
1052	-67.426
1051	-66.041
1050	-65.481
1049	-65.855
1048	-66.323
1047	-67.472
1046	-69.868
1045	-72.806
1044	-74.653
1043	-76.754
1042	-78.938
1041	-80.757
1040	-83.69
1039	-87.343
1038	-89.046
1037	-88.923
1036	-87.416
1035	-84.59
1034	-79.437
1033	-72.605
1032	-66.114
1031	-57.599
1030	-50.98
1029	-46.482
1028	-42.72
1027	-40.633
1026	-38.668
1025	-36.405
1024	-33.364
1023	-30.634
1022	-29.892
1021	-30.44
1020	-31.303
1019	-31.978
1018	-32.502
1017	-32.704
1016	-33.825
1015	-36.646
1014	-40.567
1013	-45.284
1012	-49.665
1011	-54.113
1010	-58.49
1009	-62.515
1008	-65.906
1007	-68.475
1006	-70.504
1005	-71.789
1004	-71.499
1003	-69.736
1002	-65.571
1001	-59.342
1000	-52.721
999	-46.845
998	-42.428
997	-39.949
996	-39.125
995	-39.54
994	-40.753
993	-42.858
992	-45.604
991	-48.621
990	-52.184
989	-56.223
988	-60.581
987	-64.717
986	-67.251
985	-67.731
984	-66.738
983	-63.416
982	-57.219
981	-49.868
980	-42.921
979	-37.933
978	-35.122
977	-33.947
976	-33.978
975	-34.857
974	-36.499
973	-39.274
972	-43.082
971	-47.806
970	-53.388
969	-59.744
968	-66.957
967	-74.278
966	-81.708
965	-88.413
964	-92.828
963	-93.553
962	-90.018
961	-81.368
960	-69.449
959	-54.606
958	-40.086
957	-26.526
956	-16.937
955	-11.876
954	-8.657
953	-6.68
952	-6.109
951	-5.986
950	-6.128
949	-7.278
948	-8.369
947	-9.556
946	-10.549
945	-11.429
944	-12.304
943	-13.126
942	-14.615
941	-17.672
940	-20.442
939	-22.494
938	-24.815
937	-27.681
936	-30.439
935	-33.066
934	-35.924
933	-39.083
932	-42.541
931	-46.53
930	-51.142
929	-56.474
928	-62.582
927	-68.815
926	-73.95
925	-77.806
924	-81.024
923	-84.01
922	-85.982
921	-87.025
920	-87.022
919	-84.414
918	-79.274
917	-71.811
916	-64.463
915	-59.058
914	-56.374
913	-55.402
912	-54.426
911	-52.889
910	-51.284
909	-49.831
908	-49.48
907	-50.814
906	-52.145
905	-53.372
904	-54.405
903	-55.46
902	-57.307
901	-59.942
900	-63.009
899	-66.305
898	-70.341
897	-74.758
896	-78.896
895	-81.79
894	-83.412
893	-84.051
892	-84.265
891	-84.763
890	-85.259
889	-85.662
888	-85.832
887	-85.955
886	-85.822
885	-85.579
884	-85.095
883	-85.247
882	-87.018
881	-90.241
880	-93.685
879	-96.308
878	-99.185
877	-101.53
876	-103.39
875	-105.25
874	-106.29
873	-106.12
872	-105.16
871	-102.61
870	-97.664
869	-90.049
868	-81.522
867	-71.482
866	-57.909
865	-42.413
864	-34.024
863	-28.847
862	-24.989
861	-22.815
860	-20.728
859	-17.784
858	-15.893
857	-15.528
856	-16.198
855	-16.694
854	-17.575
853	-18.81
852	-19.321
851	-19.19
850	-19.115
849	-19.185
848	-19.151
847	-19.035
846	-18.955
845	-19.066
844	-19.335
843	-20.184
842	-22.213
841	-25.419
840	-29.181
839	-32.613
838	-35.726
837	-37.654
836	-39.199
835	-41.229
834	-43.699
833	-46.347
832	-48.589
831	-49.835
830	-50.078
829	-49.013
828	-48.081
827	-48.148
826	-47.888
825	-47.149
824	-45.888
823	-43.732
822	-42.1
821	-41.402
820	-41.336
819	-41.421
818	-42.266
817	-43.855
816	-46.356
815	-49.717
814	-54.641
813	-60.291
812	-65.267
811	-69.245
810	-72.667
809	-75.491
808	-78.322
807	-81.092
806	-83.427
805	-85.246
804	-87.709
803	-90.743
802	-93.523
801	-96.093
800	-98.632
799	-100.55
798	-102.49
797	-103.24
796	-103.52
795	-103.43
794	-100.11
793	-92.967
792	-84.774
791	-75.286
790	-63.783
789	-52.807
788	-42.912
787	-34.013
786	-29.172
785	-26.716
784	-25.006
783	-23.184
782	-21.584
781	-20.82
780	-20.402
779	-20.094
778	-20.369
777	-21.413
776	-22.436
775	-23.414
774	-24.824
773	-26.706
772	-28.497
771	-30.604
770	-33.268
769	-36.171
768	-39.343
767	-42.629
766	-46.396
765	-50.653
764	-54.13
763	-56.978
762	-60.234
761	-64.381
760	-68.45
759	-72.651
758	-76.945
757	-80.661
756	-83.666
755	-86.311
754	-87.629
753	-87.42
752	-87.586
751	-88.47
750	-88.785
749	-88.714
748	-88.773
747	-89.257
746	-89.576
745	-89.121
744	-86.113
743	-80.228
742	-73.648
741	-68.937
740	-66.404
739	-65.575
738	-65.296
737	-64.912
736	-64.337
735	-63.455
734	-62.091
733	-60.247
732	-59.417
731	-59.846
730	-60.799
729	-62.448
728	-64.993
727	-68.564
726	-73.271
725	-79.094
724	-85.661
723	-91.985
722	-96.835
721	-100.52
720	-103.08
719	-104.37
718	-105.07
717	-104.23
716	-100.26
715	-92.25
714	-82.918
713	-73.791
712	-65.503
711	-58.44
710	-54.556
709	-51.96
708	-50.172
707	-49.182
706	-48.134
705	-46.599
704	-45.059
703	-43.482
702	-41.171
701	-38.255
700	-35.045
699	-31.741
698	-28.468
697	-25.793
696	-23.984
695	-23.056
694	-22.57
693	-22.523
692	-22.555
691	-22.648
690	-23.495
689	-25.644
688	-29.376
687	-35.524
686	-41.128
685	-46.097
684	-51.37
683	-56.421
682	-60.66
681	-64.564
680	-68.669
679	-72.589
678	-76.299
677	-79.735
676	-81.611
675	-82.619
674	-83.199
673	-82.737
672	-81.566
671	-80.482
670	-80.94
669	-82.2
668	-83.324
667	-84.637
666	-86.006
665	-87.771
664	-90.993
663	-95.484
662	-99.089
661	-101.54
660	-103.16
659	-102.26
658	-101.13
657	-99.122
656	-97.628
655	-97.68
654	-98.853
653	-100.49
652	-101.45
651	-101.91
650	-102.1
649	-102.51
648	-102.83
647	-103.05
646	-103.12
645	-103.12
644	-103.48
643	-104.57
642	-106.91
641	-110.14
640	-112.47
639	-114.05
638	-115.79
637	-117.48
636	-119.14
635	-120.9
634	-122.62
633	-123.96
632	-125.8
631	-127.32
630	-127.53
629	-126.25
628	-123.74
627	-119.63
626	-114.3
625	-107.64
624	-99.387
623	-89.968
622	-81.105
621	-71.687
620	-61.448
619	-51.459
618	-42.762
617	-36.323
616	-32.216
615	-29.687
614	-28.103
613	-27.063
612	-26.326
611	-26.022
610	-26.807
609	-28.343
608	-30.162
607	-31.676
606	-32.556
605	-32.896
604	-33.329
603	-34.448
602	-35.784
601	-37.017
600	-37.823
599	-38.302
598	-38.272
597	-38.078
596	-38.472
595	-39.365
594	-41.156
593	-43.423
592	-46.504
591	-49.985
590	-53.419
589	-57.161
588	-60.107
587	-62.641
586	-66.163
585	-68.704
584	-70.228
583	-69.999
582	-64.928
581	-53.522
580	-40.329
579	-30.839
578	-22.723
577	-17.886
576	-15.628
575	-15.144
574	-15.006
573	-15.522
572	-18.683
571	-21.257
570	-24.412
569	-30.642
568	-36.38
567	-40.396
566	-44.5
565	-48.762
564	-52.916
563	-56.562
562	-60.258
561	-63.033
560	-64.985
559	-67.255
558	-69.881
557	-72.659
556	-74.502
555	-75.493
554	-77.483
553	-79.614
552	-82.021
551	-84.685
550	-86.774
549	-88.641
548	-90.456
547	-91.811
546	-91.986
545	-91.1
544	-90.473
543	-89.493
542	-88.805
541	-89.332
540	-89.524
539	-89.35
538	-88.87
537	-87.924
536	-85.401
535	-80.788
534	-74.773
533	-66.257
532	-59.143
531	-54.038
530	-50.736
529	-48.331
528	-47.34
527	-46.922
526	-46.341
525	-45.82
524	-45.756
523	-45.691
522	-45.837
521	-46.642
520	-48.041
519	-50.024
518	-51.421
517	-53.213
516	-55.914
515	-58.438
514	-62.097
513	-65.531
512	-67.371
511	-68.705
510	-69.001
509	-68.453
508	-65.955
507	-62.032
506	-57.412
505	-51.826
504	-47.796
503	-44.259
502	-41.93
501	-40.572
500	-39.706
499	-39.516
498	-39.02
497	-38.931
496	-39.536
495	-39.778
494	-39.612
493	-38.204
492	-34.278
491	-31.262
490	-29.68
489	-28.826
488	-28.59
487	-28.791
486	-29.062
485	-29.351
484	-30.576
483	-32.785
482	-35.775
481	-39.629
480	-43.395
479	-48.55
478	-54.349
477	-60.552
476	-67.041
475	-73.104
474	-78.034
473	-81.534
472	-83.811
471	-84.448
470	-85.161
469	-85.031
468	-85.186
467	-85.79
466	-86.083
465	-86.424
464	-87.922
463	-88.828
462	-88.97
461	-89.721
460	-90.403
459	-90.529
458	-91.226
457	-91.914
456	-91.463
455	-91.716
454	-92.143
453	-93.199
452	-94.57
451	-96.24
450	-98.348
449	-99.287
448	-99.644
447	-101.21
446	-103.55
445	-105.07
444	-108.07
443	-110.45
442	-111.36
441	-112.01
440	-113.29
439	-114.09
438	-115.56
437	-119.13
436	-122.38
435	-124.86
434	-126.43
433	-126.96
432	-126.94
431	-125.93
430	-122.92
429	-116.42
428	-107.32
427	-100.3
426	-91.546
425	-79.048
424	-71.816
423	-62.924
422	-53.582
421	-48.688
420	-44.954
419	-40.516
418	-35.695
417	-32.716
416	-27.864
415	-21.574
414	-17.385
413	-13.689
412	-9.64
411	-4.667
410	-1.676
409	-0.288
408	0.178
407	0.172
406	0.211
405	0.211
404	0.281
403	0.266
402	-0.043
401	-0.055
400	-0.805
399	-1.922
398	-3.163
397	-6.016
396	-10.123
395	-15.452
394	-21.81
393	-28.012
392	-33.972
391	-38.388
390	-41.764
389	-44.279
388	-46.341
387	-48.715
386	-52.483
385	-54.86
384	-56.307
383	-57.795
382	-58.955
381	-60.173
380	-60.881
379	-61.54
378	-62.046
377	-62.047
376	-62.245
375	-62.987
374	-63.79
373	-64.753
372	-65.196
371	-65.526
370	-66.246
369	-66.801
368	-67.967
367	-69.105
366	-70.772
365	-72.246
364	-74.994
363	-78.455
362	-80.772
361	-83.136
360	-84.79
359	-86.318
358	-87.479
357	-88.034
356	-88.728
355	-88.302
354	-88.024
353	-88.357
352	-89.943
351	-93.59
350	-96.797
349	-99.083
348	-100.98
347	-102.77
346	-105.12
345	-107.66
344	-110.1
343	-111.13
342	-111.05
341	-108.6
340	-101.29
339	-90.076
338	-79.775
337	-69.346
336	-54.3
335	-39.685
334	-26.707
333	-16.394
332	-10.3
331	-7.22
330	-4.523
329	-1.766
328	-0.765
327	-0.523
326	-0.455
325	-0.389
324	-0.835
323	-2.385
322	-3.416
321	-4.816
320	-6.433
319	-9.147
318	-13.45
317	-16.475
316	-18.65
315	-20.845
314	-21.746
313	-22.345
312	-23.122
311	-23.891
310	-25.194
309	-27.5
308	-31.641
307	-36.531
306	-41.713
305	-47.037
304	-51.357
303	-54.826
302	-56.85
301	-58.237
300	-60.452
299	-61.903
298	-62.967
297	-63.905
296	-64.378
295	-64.654
294	-64.037
293	-63.603
292	-61.859
291	-58.307
290	-55.455
289	-52.11
288	-48.743
287	-44.945
286	-41.952
285	-40.103
284	-39.652
283	-41.494
282	-46.35
281	-51.803
280	-57.775
279	-64.994
278	-71.412
277	-76.095
276	-79.577
275	-82.463
274	-83.807
273	-85.185
272	-86.953
271	-88.218
270	-88.367
269	-87.458
268	-87.576
267	-87.734
266	-86.46
265	-86.577
264	-85.906
263	-85.322
262	-85.871
261	-86.619
260	-86.5
259	-86.743
258	-87.655
257	-88.232
256	-88.31
255	-89.174
254	-90.255
253	-92.228
252	-93.526
251	-92.848
250	-90.612
249	-86.988
248	-82.764
247	-78.633
246	-73.853
245	-66.709
244	-55.881
243	-43.472
242	-33.013
241	-25.256
240	-20.83
239	-18.804
238	-17.88
237	-18.136
236	-19.76
235	-22.635
234	-30.07
233	-40.278
232	-50.904
231	-61.838
230	-69.598
229	-74.678
228	-78.045
227	-79.821
226	-82.053
225	-83.24
224	-83.301
223	-82.037
222	-77.87
221	-69.077
220	-57.366
219	-45.403
218	-33.89
217	-26.987
216	-22.896
215	-20.702
214	-20.102
213	-20.205
212	-20.521
211	-20.724
210	-21.152
209	-22.196
208	-23.38
207	-24.583
206	-25.836
205	-26.491
204	-26.445
203	-25.993
202	-24.683
201	-22.959
200	-22.294
199	-22.455
198	-22.869
197	-23.806
196	-25.335
195	-26.333
194	-27.506
193	-29.07
192	-34.375
191	-43.778
190	-53.813
189	-66.071
188	-77.045
187	-86.657
186	-94.889
185	-98.839
184	-99.241
183	-98.208
182	-95.249
181	-92.35
180	-90.892
179	-88.632
178	-86.075
177	-83.983
176	-81.194
175	-78.134
174	-76.13
173	-75.575
172	-76.798
171	-78.127
170	-79.419
169	-80.503
168	-81.118
167	-83.031
166	-86.806
165	-90.525
164	-94.477
163	-98.356
162	-101.02
161	-102.98
160	-104.67
159	-106.55
158	-108.74
157	-110.26
156	-109.89
155	-109.93
154	-108.55
153	-106.37
152	-105.68
151	-104.98
150	-104.12
149	-104.07
148	-105.36
147	-106.74
146	-108.21
145	-110.7
144	-112.79
143	-114.69
142	-117.2
141	-119.71
140	-121.19
139	-122.5
138	-122.62
137	-122.1
136	-120.83
135	-117.05
134	-109.09
133	-95.265
132	-74.98
131	-57.121
130	-47.157
129	-38.019
128	-27.626
127	-17.884
126	-6.734
125	-0.459
124	0.276
123	0.008
122	0.008
121	0.063
120	0.018
119	-1.135
118	-2.612
117	-4.131
116	-8.704
115	-16.47
114	-24.605
113	-33.007
112	-41.541
111	-48.981
110	-54.892
109	-58.193
108	-58.876
107	-56.921
106	-51.967
105	-47.339
104	-44.208
103	-41.984
102	-40.919
101	-39.08
100	-37.158
99	-36.438
98	-35.52
97	-34.846
96	-34.701
95	-34.78
94	-35.359
93	-37.177
92	-39.685
91	-41.474
90	-42.811
89	-44.29
88	-45.696
87	-46.371
86	-46.285
85	-44.764
84	-41.91
83	-39.159
82	-37.209
81	-36.928
80	-37.823
79	-39.364
78	-41.87
77	-44.693
76	-46.836
75	-49.933
74	-55.421
73	-61.021
72	-67.247
71	-73.456
70	-79.103
69	-83.594
68	-87.464
67	-90.953
66	-92.245
65	-92.103
64	-93.322
63	-93.968
62	-93.657
61	-93.73
60	-92.147
59	-89.675
58	-87.99
57	-85.525
56	-83.055
55	-81.645
54	-80.777
53	-79.668
52	-79.086
51	-78.765
50	-78.8
49	-79.371
48	-79.639
47	-79.334
46	-78.953
45	-79.51
44	-80.41
43	-81.591
42	-83.146
41	-84.441
40	-86.005
39	-87.135
38	-88.455
37	-89.946
36	-91.318
35	-93.409
34	-95.183
33	-96.838
32	-98.451
31	-100.02
30	-102.65
29	-105.95
28	-109.29
27	-112.56
26	-115.23
25	-117.48
24	-119.14
23	-120.85
22	-121.9
21	-122.82
20	-123.39
19	-123.4
18	-121.92
17	-117.12
16	-109.1
15	-97.375
14	-83.419
13	-67.703
12	-51.372
11	-36.736
10	-26.764
9	-18.932
8	-14.261
7	-11.488
6	-8.899
5	-6.319
4	-5.021
3	-3.787
2	-2.757
1	-1.963
0	-1.459