326	-119.625744748766
325	-119.453720829707
324	-118.791983589513
323	-117.562525559675
322	-115.686050599216
321	-113.086697103373
320	-109.698452476248
319	-105.473141067752
318	-100.389467509666
317	-94.462089057844
316	-87.7491850599308
315	-80.3566796588827
314	-72.4373800433799
313	-64.1839721350565
312	-55.8160278649428
311	-47.5626199566194
310	-39.6433203411171
309	-32.250814940069
308	-25.5379109421559
307	-19.6105324903339
306	-14.5268589322474
305	-10.3015475237515
304	-6.91330289662647
303	-4.31394940078403
302	-2.43747444032459
301	-1.20801641048701
300	-0.546279170292515
299	-0.374255251233983
298	-0.618397382184561
297	-1.21150681244199
296	-2.09364274924348
295	-3.21233704751184
294	-4.52235146244446
293	-5.98516072254967
292	-7.56829425094563
291	-9.24462735332057
290	-10.9916802272092
289	-12.7909594537335
288	-14.6273601669443
287	-16.4886361833055
286	-18.3649385140971
285	-20.2484186590443
284	-22.1328909633284
283	-24.013547438321
282	-25.886718326568
281	-27.7496720132907
280	-29.6004484393303
279	-31.4377208202896
278	-33.2606811422582
277	-35.0689455392875
276	-36.8624762375317
275	-38.6415172655306
274	-40.4065415777524
273	-42.1582076223106
272	-43.8973237092043
271	-45.6248188090137
270	-47.3417186403356
269	-49.049126093667
268	-50.7482051956073
267	-52.4401679451678
266	-54.1262634579113
265	-55.8077689371972
264	-57.4859820579268
263	-59.1622143992684
262	-60.8377856007317
261	-62.5140179420733
260	-64.1922310628029
259	-65.8737365420887
258	-67.5598320548323
257	-69.2517948043927
256	-70.9508739063331
255	-72.6582813596645
254	-74.3751811909863
253	-76.1026762907956
252	-77.8417923776894
251	-79.5934584222476
250	-81.3584827344694
249	-83.1375237624683
248	-84.9310544607126
247	-86.7393188577418
246	-88.5622791797105
245	-90.3995515606697
244	-92.2503279867093
243	-94.1132816734321
242	-95.9864525616789
241	-97.8671090366715
240	-99.7515813409557
239	-101.635061485903
238	-103.511363816695
237	-105.372639833056
236	-107.209040546267
235	-109.008319772791
234	-110.75537264668
233	-112.431705749054
232	-114.01483927745
231	-115.477648537555
230	-116.787662952488
229	-117.906357250757
228	-118.788493187558
227	-119.381602617815
226	-119.625744748766
225	-119.453720829707
224	-118.791983589513
223	-117.562525559675
222	-115.686050599216
221	-113.086697103373
220	-109.698452476248
219	-105.473141067752
218	-100.389467509666
217	-94.462089057844
216	-87.7491850599309
215	-80.3566796588827
214	-72.4373800433804
213	-64.183972135057
212	-55.8160278649433
211	-47.5626199566195
210	-39.6433203411171
209	-32.250814940069
208	-25.5379109421559
207	-19.6105324903339
206	-14.5268589322475
205	-10.3015475237515
204	-6.91330289662665
203	-4.31394940078416
202	-2.43747444032457
201	-1.208016410487
200	-0.546279170292515
199	-0.374255251233983
198	-0.618397382184554
197	-1.21150681244198
196	-2.09364274924346
195	-3.21233704751183
194	-4.52235146244444
193	-5.98516072254967
192	-7.56829425094563
191	-9.24462735332056
190	-10.9916802272092
189	-12.7909594537335
188	-14.6273601669443
187	-16.4886361833055
186	-18.3649385140971
185	-20.2484186590443
184	-22.1328909633285
183	-24.0135474383211
182	-25.886718326568
181	-27.7496720132907
180	-29.6004484393303
179	-31.4377208202895
178	-33.2606811422582
177	-35.0689455392875
176	-36.8624762375317
175	-38.6415172655307
174	-40.4065415777525
173	-42.1582076223107
172	-43.8973237092044
171	-45.6248188090137
170	-47.3417186403356
169	-49.049126093667
168	-50.7482051956073
167	-52.4401679451678
166	-54.1262634579113
165	-55.8077689371972
164	-57.4859820579269
163	-59.1622143992685
162	-60.8377856007316
161	-62.5140179420733
160	-64.1922310628029
159	-65.8737365420887
158	-67.5598320548323
157	-69.2517948043927
156	-70.9508739063331
155	-72.6582813596645
154	-74.3751811909863
153	-76.1026762907956
152	-77.8417923776895
151	-79.5934584222476
150	-81.3584827344694
149	-83.1375237624683
148	-84.9310544607126
147	-86.7393188577418
146	-88.5622791797105
145	-90.3995515606697
144	-92.2503279867093
143	-94.1132816734321
142	-95.9864525616789
141	-97.8671090366716
140	-99.7515813409557
139	-101.635061485903
138	-103.511363816695
137	-105.372639833056
136	-107.209040546267
135	-109.008319772791
134	-110.755372646679
133	-112.431705749054
132	-114.01483927745
131	-115.477648537556
130	-116.787662952488
129	-117.906357250757
128	-118.788493187558
127	-119.381602617815
126	-119.625744748766
125	-119.453720829707
124	-118.791983589513
123	-117.562525559675
122	-115.686050599216
121	-113.086697103373
120	-109.698452476248
119	-105.473141067752
118	-100.389467509666
117	-94.462089057844
116	-87.7491850599309
115	-80.3566796588827
114	-72.4373800433802
113	-64.1839721350568
112	-55.8160278649431
111	-47.5626199566197
110	-39.6433203411172
109	-32.250814940069
108	-25.5379109421559
107	-19.610532490334
106	-14.5268589322475
105	-10.3015475237515
104	-6.91330289662665
103	-4.31394940078411
102	-2.43747444032463
101	-1.20801641048701
100	-0.546279170292515
99	-0.374255251233969
98	-0.618397382184575
97	-1.21150681244198
96	-2.09364274924348
95	-3.21233704751184
94	-4.52235146244444
93	-5.98516072254962
92	-7.56829425094562
91	-9.24462735332055
90	-10.9916802272092
89	-12.7909594537334
88	-14.6273601669443
87	-16.4886361833055
86	-18.3649385140971
85	-20.2484186590443
84	-22.1328909633284
83	-24.013547438321
82	-25.8867183265679
81	-27.7496720132907
80	-29.6004484393303
79	-31.4377208202895
78	-33.2606811422582
77	-35.0689455392875
76	-36.8624762375317
75	-38.6415172655306
74	-40.4065415777524
73	-42.1582076223106
72	-43.8973237092044
71	-45.6248188090136
70	-47.3417186403355
69	-49.049126093667
68	-50.7482051956073
67	-52.4401679451677
66	-54.1262634579113
65	-55.8077689371972
64	-57.4859820579268
63	-59.1622143992684
62	-60.8377856007316
61	-62.5140179420732
60	-64.1922310628029
59	-65.8737365420887
58	-67.5598320548323
57	-69.2517948043927
56	-70.950873906333
55	-72.6582813596645
54	-74.3751811909864
53	-76.1026762907956
52	-77.8417923776894
51	-79.5934584222476
50	-81.3584827344694
49	-83.1375237624683
48	-84.9310544607125
47	-86.7393188577418
46	-88.5622791797105
45	-90.3995515606698
44	-92.2503279867093
43	-94.1132816734321
42	-95.986452561679
41	-97.8671090366716
40	-99.7515813409557
39	-101.635061485903
38	-103.511363816695
37	-105.372639833056
36	-107.209040546267
35	-109.008319772791
34	-110.75537264668
33	-112.431705749054
32	-114.01483927745
31	-115.477648537556
30	-116.787662952488
29	-117.906357250757
28	-118.788493187558
27	-119.381602617815
26	-119.625744748766
25	-119.453720829707
24	-118.791983589513
23	-117.562525559675
22	-115.686050599216
21	-113.086697103373
20	-109.698452476249
19	-105.473141067753
18	-100.389467509666
17	-94.462089057844
16	-87.7491850599309
15	-80.3566796588827
14	-72.4373800433803
13	-64.1839721350569
12	-55.8160278649431
11	-47.5626199566197
10	-39.6433203411173
9	-32.2508149400691
8	-25.5379109421559
7	-19.610532490334
6	-14.5268589322475
5	-10.3015475237515
4	-6.91330289662661
3	-4.31394940078411
2	-2.43747444032464
1	-1.20801641048703
0	-0.546279170292515
