526.00 -119.63
525.90 -119.61
525.80 -119.59
525.70 -119.57
525.60 -119.56
525.50 -119.54
525.40 -119.52
525.30 -119.51
525.20 -119.49
525.10 -119.47
525.00 -119.45
524.90 -119.39
524.80 -119.32
524.70 -119.26
524.60 -119.19
524.50 -119.12
524.40 -119.06
524.30 -118.99
524.20 -118.92
524.10 -118.86
524.00 -118.79
523.90 -118.67
523.80 -118.55
523.70 -118.42
523.60 -118.30
523.50 -118.18
523.40 -118.05
523.30 -117.93
523.20 -117.81
523.10 -117.69
523.00 -117.56
522.90 -117.37
522.80 -117.19
522.70 -117.00
522.60 -116.81
522.50 -116.62
522.40 -116.44
522.30 -116.25
522.20 -116.06
522.10 -115.87
522.00 -115.69
521.90 -115.43
521.80 -115.17
521.70 -114.91
521.60 -114.65
521.50 -114.39
521.40 -114.13
521.30 -113.87
521.20 -113.61
521.10 -113.35
521.00 -113.09
520.90 -112.75
520.80 -112.41
520.70 -112.07
520.60 -111.73
520.50 -111.39
520.40 -111.05
520.30 -110.71
520.20 -110.38
520.10 -110.04
520.00 -109.70
519.90 -109.28
519.80 -108.85
519.70 -108.43
519.60 -108.01
519.50 -107.59
519.40 -107.16
519.30 -106.74
519.20 -106.32
519.10 -105.90
519.00 -105.47
518.90 -104.96
518.80 -104.46
518.70 -103.95
518.60 -103.44
518.50 -102.93
518.40 -102.42
518.30 -101.91
518.20 -101.41
518.10 -100.90
518.00 -100.39
517.90 -99.80
517.80 -99.20
517.70 -98.61
517.60 -98.02
517.50 -97.43
517.40 -96.83
517.30 -96.24
517.20 -95.65
517.10 -95.05
517.00 -94.46
516.90 -93.79
516.80 -93.12
516.70 -92.45
516.60 -91.78
516.50 -91.11
516.40 -90.43
516.30 -89.76
516.20 -89.09
516.10 -88.42
516.00 -87.75
515.90 -87.01
515.80 -86.27
515.70 -85.53
515.60 -84.79
515.50 -84.05
515.40 -83.31
515.30 -82.57
515.20 -81.84
515.10 -81.10
515.00 -80.36
514.90 -79.56
514.80 -78.77
514.70 -77.98
514.60 -77.19
514.50 -76.40
514.40 -75.61
514.30 -74.81
514.20 -74.02
514.10 -73.23
514.00 -72.44
513.90 -71.61
513.80 -70.79
513.70 -69.96
513.60 -69.14
513.50 -68.31
513.40 -67.49
513.30 -66.66
513.20 -65.83
513.10 -65.01
513.00 -64.18
512.90 -63.35
512.80 -62.51
512.70 -61.67
512.60 -60.84
512.50 -60.00
512.40 -59.16
512.30 -58.33
512.20 -57.49
512.10 -56.65
512.00 -55.82
511.90 -54.99
511.80 -54.17
511.70 -53.34
511.60 -52.51
511.50 -51.69
511.40 -50.86
511.30 -50.04
511.20 -49.21
511.10 -48.39
511.00 -47.56
510.90 -46.77
510.80 -45.98
510.70 -45.19
510.60 -44.39
510.50 -43.60
510.40 -42.81
510.30 -42.02
510.20 -41.23
510.10 -40.44
510.00 -39.64
509.90 -38.90
509.80 -38.16
509.70 -37.43
509.60 -36.69
509.50 -35.95
509.40 -35.21
509.30 -34.47
509.20 -33.73
509.10 -32.99
509.00 -32.25
508.90 -31.58
508.80 -30.91
508.70 -30.24
508.60 -29.57
508.50 -28.89
508.40 -28.22
508.30 -27.55
508.20 -26.88
508.10 -26.21
508.00 -25.54
507.90 -24.95
507.80 -24.35
507.70 -23.76
507.60 -23.17
507.50 -22.57
507.40 -21.98
507.30 -21.39
507.20 -20.80
507.10 -20.20
507.00 -19.61
506.90 -19.10
506.80 -18.59
506.70 -18.09
506.60 -17.58
506.50 -17.07
506.40 -16.56
506.30 -16.05
506.20 -15.54
506.10 -15.04
506.00 -14.53
505.90 -14.10
505.80 -13.68
505.70 -13.26
505.60 -12.84
505.50 -12.41
505.40 -11.99
505.30 -11.57
505.20 -11.15
505.10 -10.72
505.00 -10.30
504.90 -9.96
504.80 -9.62
504.70 -9.29
504.60 -8.95
504.50 -8.61
504.40 -8.27
504.30 -7.93
504.20 -7.59
504.10 -7.25
504.00 -6.91
503.90 -6.65
503.80 -6.39
503.70 -6.13
503.60 -5.87
503.50 -5.61
503.40 -5.35
503.30 -5.09
503.20 -4.83
503.10 -4.57
503.00 -4.31
502.90 -4.13
502.80 -3.94
502.70 -3.75
502.60 -3.56
502.50 -3.38
502.40 -3.19
502.30 -3.00
502.20 -2.81
502.10 -2.63
502.00 -2.44
501.90 -2.31
501.80 -2.19
501.70 -2.07
501.60 -1.95
501.50 -1.82
501.40 -1.70
501.30 -1.58
501.20 -1.45
501.10 -1.33
501.00 -1.21
500.90 -1.14
500.80 -1.08
500.70 -1.01
500.60 -0.94
500.50 -0.88
500.40 -0.81
500.30 -0.74
500.20 -0.68
500.10 -0.61
500.00 -0.55
499.90 -0.53
499.80 -0.51
499.70 -0.49
499.60 -0.48
499.50 -0.46
499.40 -0.44
499.30 -0.43
499.20 -0.41
499.10 -0.39
499.00 -0.37
498.90 -0.40
498.80 -0.42
498.70 -0.45
498.60 -0.47
498.50 -0.50
498.40 -0.52
498.30 -0.55
498.20 -0.57
498.10 -0.59
498.00 -0.62
497.90 -0.68
497.80 -0.74
497.70 -0.80
497.60 -0.86
497.50 -0.91
497.40 -0.97
497.30 -1.03
497.20 -1.09
497.10 -1.15
497.00 -1.21
496.90 -1.30
496.80 -1.39
496.70 -1.48
496.60 -1.56
496.50 -1.65
496.40 -1.74
496.30 -1.83
496.20 -1.92
496.10 -2.01
496.00 -2.09
495.90 -2.21
495.80 -2.32
495.70 -2.43
495.60 -2.54
495.50 -2.65
495.40 -2.76
495.30 -2.88
495.20 -2.99
495.10 -3.10
495.00 -3.21
494.90 -3.34
494.80 -3.47
494.70 -3.61
494.60 -3.74
494.50 -3.87
494.40 -4.00
494.30 -4.13
494.20 -4.26
494.10 -4.39
494.00 -4.52
493.90 -4.67
493.80 -4.81
493.70 -4.96
493.60 -5.11
493.50 -5.25
493.40 -5.40
493.30 -5.55
493.20 -5.69
493.10 -5.84
493.00 -5.99
492.90 -6.14
492.80 -6.30
492.70 -6.46
492.60 -6.62
492.50 -6.78
492.40 -6.94
492.30 -7.09
492.20 -7.25
492.10 -7.41
492.00 -7.57
491.90 -7.74
491.80 -7.90
491.70 -8.07
491.60 -8.24
491.50 -8.41
491.40 -8.57
491.30 -8.74
491.20 -8.91
491.10 -9.08
491.00 -9.24
490.90 -9.42
490.80 -9.59
490.70 -9.77
490.60 -9.94
490.50 -10.12
490.40 -10.29
490.30 -10.47
490.20 -10.64
490.10 -10.82
490.00 -10.99
489.90 -11.17
489.80 -11.35
489.70 -11.53
489.60 -11.71
489.50 -11.89
489.40 -12.07
489.30 -12.25
489.20 -12.43
489.10 -12.61
489.00 -12.79
488.90 -12.97
488.80 -13.16
488.70 -13.34
488.60 -13.53
488.50 -13.71
488.40 -13.89
488.30 -14.08
488.20 -14.26
488.10 -14.44
488.00 -14.63
487.90 -14.81
487.80 -15.00
487.70 -15.19
487.60 -15.37
487.50 -15.56
487.40 -15.74
487.30 -15.93
487.20 -16.12
487.10 -16.30
487.00 -16.49
486.90 -16.68
486.80 -16.86
486.70 -17.05
486.60 -17.24
486.50 -17.43
486.40 -17.61
486.30 -17.80
486.20 -17.99
486.10 -18.18
486.00 -18.36
485.90 -18.55
485.80 -18.74
485.70 -18.93
485.60 -19.12
485.50 -19.31
485.40 -19.50
485.30 -19.68
485.20 -19.87
485.10 -20.06
485.00 -20.25
484.90 -20.44
484.80 -20.63
484.70 -20.81
484.60 -21.00
484.50 -21.19
484.40 -21.38
484.30 -21.57
484.20 -21.76
484.10 -21.94
484.00 -22.13
483.90 -22.32
483.80 -22.51
483.70 -22.70
483.60 -22.89
483.50 -23.07
483.40 -23.26
483.30 -23.45
483.20 -23.64
483.10 -23.83
483.00 -24.01
482.90 -24.20
482.80 -24.39
482.70 -24.58
482.60 -24.76
482.50 -24.95
482.40 -25.14
482.30 -25.32
482.20 -25.51
482.10 -25.70
482.00 -25.89
481.90 -26.07
481.80 -26.26
481.70 -26.45
481.60 -26.63
481.50 -26.82
481.40 -27.00
481.30 -27.19
481.20 -27.38
481.10 -27.56
481.00 -27.75
480.90 -27.93
480.80 -28.12
480.70 -28.30
480.60 -28.49
480.50 -28.68
480.40 -28.86
480.30 -29.05
480.20 -29.23
480.10 -29.42
480.00 -29.60
479.90 -29.78
479.80 -29.97
479.70 -30.15
479.60 -30.34
479.50 -30.52
479.40 -30.70
479.30 -30.89
479.20 -31.07
479.10 -31.25
479.00 -31.44
478.90 -31.62
478.80 -31.80
478.70 -31.98
478.60 -32.17
478.50 -32.35
478.40 -32.53
478.30 -32.71
478.20 -32.90
478.10 -33.08
478.00 -33.26
477.90 -33.44
477.80 -33.62
477.70 -33.80
477.60 -33.98
477.50 -34.16
477.40 -34.35
477.30 -34.53
477.20 -34.71
477.10 -34.89
477.00 -35.07
476.90 -35.25
476.80 -35.43
476.70 -35.61
476.60 -35.79
476.50 -35.97
476.40 -36.15
476.30 -36.32
476.20 -36.50
476.10 -36.68
476.00 -36.86
475.90 -37.04
475.80 -37.22
475.70 -37.40
475.60 -37.57
475.50 -37.75
475.40 -37.93
475.30 -38.11
475.20 -38.29
475.10 -38.46
475.00 -38.64
474.90 -38.82
474.80 -38.99
474.70 -39.17
474.60 -39.35
474.50 -39.52
474.40 -39.70
474.30 -39.88
474.20 -40.05
474.10 -40.23
474.00 -40.41
473.90 -40.58
473.80 -40.76
473.70 -40.93
473.60 -41.11
473.50 -41.28
473.40 -41.46
473.30 -41.63
473.20 -41.81
473.10 -41.98
473.00 -42.16
472.90 -42.33
472.80 -42.51
472.70 -42.68
472.60 -42.85
472.50 -43.03
472.40 -43.20
472.30 -43.38
472.20 -43.55
472.10 -43.72
472.00 -43.90
471.90 -44.07
471.80 -44.24
471.70 -44.42
471.60 -44.59
471.50 -44.76
471.40 -44.93
471.30 -45.11
471.20 -45.28
471.10 -45.45
471.00 -45.62
470.90 -45.80
470.80 -45.97
470.70 -46.14
470.60 -46.31
470.50 -46.48
470.40 -46.65
470.30 -46.83
470.20 -47.00
470.10 -47.17
470.00 -47.34
469.90 -47.51
469.80 -47.68
469.70 -47.85
469.60 -48.02
469.50 -48.20
469.40 -48.37
469.30 -48.54
469.20 -48.71
469.10 -48.88
469.00 -49.05
468.90 -49.22
468.80 -49.39
468.70 -49.56
468.60 -49.73
468.50 -49.90
468.40 -50.07
468.30 -50.24
468.20 -50.41
468.10 -50.58
468.00 -50.75
467.90 -50.92
467.80 -51.09
467.70 -51.26
467.60 -51.42
467.50 -51.59
467.40 -51.76
467.30 -51.93
467.20 -52.10
467.10 -52.27
467.00 -52.44
466.90 -52.61
466.80 -52.78
466.70 -52.95
466.60 -53.11
466.50 -53.28
466.40 -53.45
466.30 -53.62
466.20 -53.79
466.10 -53.96
466.00 -54.13
465.90 -54.29
465.80 -54.46
465.70 -54.63
465.60 -54.80
465.50 -54.97
465.40 -55.14
465.30 -55.30
465.20 -55.47
465.10 -55.64
465.00 -55.81
464.90 -55.98
464.80 -56.14
464.70 -56.31
464.60 -56.48
464.50 -56.65
464.40 -56.81
464.30 -56.98
464.20 -57.15
464.10 -57.32
464.00 -57.49
463.90 -57.65
463.80 -57.82
463.70 -57.99
463.60 -58.16
463.50 -58.32
463.40 -58.49
463.30 -58.66
463.20 -58.83
463.10 -58.99
463.00 -59.16
462.90 -59.33
462.80 -59.50
462.70 -59.66
462.60 -59.83
462.50 -60.00
462.40 -60.17
462.30 -60.34
462.20 -60.50
462.10 -60.67
462.00 -60.84
461.90 -61.01
461.80 -61.17
461.70 -61.34
461.60 -61.51
461.50 -61.68
461.40 -61.84
461.30 -62.01
461.20 -62.18
461.10 -62.35
461.00 -62.51
460.90 -62.68
460.80 -62.85
460.70 -63.02
460.60 -63.19
460.50 -63.35
460.40 -63.52
460.30 -63.69
460.20 -63.86
460.10 -64.02
460.00 -64.19
459.90 -64.36
459.80 -64.53
459.70 -64.70
459.60 -64.86
459.50 -65.03
459.40 -65.20
459.30 -65.37
459.20 -65.54
459.10 -65.71
459.00 -65.87
458.90 -66.04
458.80 -66.21
458.70 -66.38
458.60 -66.55
458.50 -66.72
458.40 -66.89
458.30 -67.05
458.20 -67.22
458.10 -67.39
458.00 -67.56
457.90 -67.73
457.80 -67.90
457.70 -68.07
457.60 -68.24
457.50 -68.41
457.40 -68.58
457.30 -68.74
457.20 -68.91
457.10 -69.08
457.00 -69.25
456.90 -69.42
456.80 -69.59
456.70 -69.76
456.60 -69.93
456.50 -70.10
456.40 -70.27
456.30 -70.44
456.20 -70.61
456.10 -70.78
456.00 -70.95
455.90 -71.12
455.80 -71.29
455.70 -71.46
455.60 -71.63
455.50 -71.80
455.40 -71.98
455.30 -72.15
455.20 -72.32
455.10 -72.49
455.00 -72.66
454.90 -72.83
454.80 -73.00
454.70 -73.17
454.60 -73.35
454.50 -73.52
454.40 -73.69
454.30 -73.86
454.20 -74.03
454.10 -74.20
454.00 -74.38
453.90 -74.55
453.80 -74.72
453.70 -74.89
453.60 -75.07
453.50 -75.24
453.40 -75.41
453.30 -75.58
453.20 -75.76
453.10 -75.93
453.00 -76.10
452.90 -76.28
452.80 -76.45
452.70 -76.62
452.60 -76.80
452.50 -76.97
452.40 -77.15
452.30 -77.32
452.20 -77.49
452.10 -77.67
452.00 -77.84
451.90 -78.02
451.80 -78.19
451.70 -78.37
451.60 -78.54
451.50 -78.72
451.40 -78.89
451.30 -79.07
451.20 -79.24
451.10 -79.42
451.00 -79.59
450.90 -79.77
450.80 -79.95
450.70 -80.12
450.60 -80.30
450.50 -80.48
450.40 -80.65
450.30 -80.83
450.20 -81.01
450.10 -81.18
450.00 -81.36
449.90 -81.54
449.80 -81.71
449.70 -81.89
449.60 -82.07
449.50 -82.25
449.40 -82.43
449.30 -82.60
449.20 -82.78
449.10 -82.96
449.00 -83.14
448.90 -83.32
448.80 -83.50
448.70 -83.68
448.60 -83.85
448.50 -84.03
448.40 -84.21
448.30 -84.39
448.20 -84.57
448.10 -84.75
448.00 -84.93
447.90 -85.11
447.80 -85.29
447.70 -85.47
447.60 -85.65
447.50 -85.84
447.40 -86.02
447.30 -86.20
447.20 -86.38
447.10 -86.56
447.00 -86.74
446.90 -86.92
446.80 -87.10
446.70 -87.29
446.60 -87.47
446.50 -87.65
446.40 -87.83
446.30 -88.02
446.20 -88.20
446.10 -88.38
446.00 -88.56
445.90 -88.75
445.80 -88.93
445.70 -89.11
445.60 -89.30
445.50 -89.48
445.40 -89.66
445.30 -89.85
445.20 -90.03
445.10 -90.22
445.00 -90.40
444.90 -90.58
444.80 -90.77
444.70 -90.95
444.60 -91.14
444.50 -91.32
444.40 -91.51
444.30 -91.70
444.20 -91.88
444.10 -92.07
444.00 -92.25
443.90 -92.44
443.80 -92.62
443.70 -92.81
443.60 -93.00
443.50 -93.18
443.40 -93.37
443.30 -93.55
443.20 -93.74
443.10 -93.93
443.00 -94.11
442.90 -94.30
442.80 -94.49
442.70 -94.68
442.60 -94.86
442.50 -95.05
442.40 -95.24
442.30 -95.42
442.20 -95.61
442.10 -95.80
442.00 -95.99
441.90 -96.17
441.80 -96.36
441.70 -96.55
441.60 -96.74
441.50 -96.93
441.40 -97.11
441.30 -97.30
441.20 -97.49
441.10 -97.68
441.00 -97.87
440.90 -98.06
440.80 -98.24
440.70 -98.43
440.60 -98.62
440.50 -98.81
440.40 -99.00
440.30 -99.19
440.20 -99.37
440.10 -99.56
440.00 -99.75
439.90 -99.94
439.80 -100.13
439.70 -100.32
439.60 -100.50
439.50 -100.69
439.40 -100.88
439.30 -101.07
439.20 -101.26
439.10 -101.45
439.00 -101.64
438.90 -101.82
438.80 -102.01
438.70 -102.20
438.60 -102.39
438.50 -102.57
438.40 -102.76
438.30 -102.95
438.20 -103.14
438.10 -103.32
438.00 -103.51
437.90 -103.70
437.80 -103.88
437.70 -104.07
437.60 -104.26
437.50 -104.44
437.40 -104.63
437.30 -104.81
437.20 -105.00
437.10 -105.19
437.00 -105.37
436.90 -105.56
436.80 -105.74
436.70 -105.92
436.60 -106.11
436.50 -106.29
436.40 -106.47
436.30 -106.66
436.20 -106.84
436.10 -107.03
436.00 -107.21
435.90 -107.39
435.80 -107.57
435.70 -107.75
435.60 -107.93
435.50 -108.11
435.40 -108.29
435.30 -108.47
435.20 -108.65
435.10 -108.83
435.00 -109.01
434.90 -109.18
434.80 -109.36
434.70 -109.53
434.60 -109.71
434.50 -109.88
434.40 -110.06
434.30 -110.23
434.20 -110.41
434.10 -110.58
434.00 -110.76
433.90 -110.92
433.80 -111.09
433.70 -111.26
433.60 -111.43
433.50 -111.59
433.40 -111.76
433.30 -111.93
433.20 -112.10
433.10 -112.26
433.00 -112.43
432.90 -112.59
432.80 -112.75
432.70 -112.91
432.60 -113.06
432.50 -113.22
432.40 -113.38
432.30 -113.54
432.20 -113.70
432.10 -113.86
432.00 -114.01
431.90 -114.16
431.80 -114.31
431.70 -114.45
431.60 -114.60
431.50 -114.75
431.40 -114.89
431.30 -115.04
431.20 -115.19
431.10 -115.33
431.00 -115.48
430.90 -115.61
430.80 -115.74
430.70 -115.87
430.60 -116.00
430.50 -116.13
430.40 -116.26
430.30 -116.39
430.20 -116.53
430.10 -116.66
430.00 -116.79
429.90 -116.90
429.80 -117.01
429.70 -117.12
429.60 -117.24
429.50 -117.35
429.40 -117.46
429.30 -117.57
429.20 -117.68
429.10 -117.79
429.00 -117.91
428.90 -117.99
428.80 -118.08
428.70 -118.17
428.60 -118.26
428.50 -118.35
428.40 -118.44
428.30 -118.52
428.20 -118.61
428.10 -118.70
428.00 -118.79
427.90 -118.85
427.80 -118.91
427.70 -118.97
427.60 -119.03
427.50 -119.09
427.40 -119.14
427.30 -119.20
427.20 -119.26
427.10 -119.32
427.00 -119.38
426.90 -119.41
426.80 -119.43
426.70 -119.45
426.60 -119.48
426.50 -119.50
426.40 -119.53
426.30 -119.55
426.20 -119.58
426.10 -119.60
426.00 -119.63
425.90 -119.61
425.80 -119.59
425.70 -119.57
425.60 -119.56
425.50 -119.54
425.40 -119.52
425.30 -119.51
425.20 -119.49
425.10 -119.47
425.00 -119.45
424.90 -119.39
424.80 -119.32
424.70 -119.26
424.60 -119.19
424.50 -119.12
424.40 -119.06
424.30 -118.99
424.20 -118.92
424.10 -118.86
424.00 -118.79
423.90 -118.67
423.80 -118.55
423.70 -118.42
423.60 -118.30
423.50 -118.18
423.40 -118.05
423.30 -117.93
423.20 -117.81
423.10 -117.69
423.00 -117.56
422.90 -117.37
422.80 -117.19
422.70 -117.00
422.60 -116.81
422.50 -116.62
422.40 -116.44
422.30 -116.25
422.20 -116.06
422.10 -115.87
422.00 -115.69
421.90 -115.43
421.80 -115.17
421.70 -114.91
421.60 -114.65
421.50 -114.39
421.40 -114.13
421.30 -113.87
421.20 -113.61
421.10 -113.35
421.00 -113.09
420.90 -112.75
420.80 -112.41
420.70 -112.07
420.60 -111.73
420.50 -111.39
420.40 -111.05
420.30 -110.71
420.20 -110.38
420.10 -110.04
420.00 -109.70
419.90 -109.28
419.80 -108.85
419.70 -108.43
419.60 -108.01
419.50 -107.59
419.40 -107.16
419.30 -106.74
419.20 -106.32
419.10 -105.90
419.00 -105.47
418.90 -104.96
418.80 -104.46
418.70 -103.95
418.60 -103.44
418.50 -102.93
418.40 -102.42
418.30 -101.91
418.20 -101.41
418.10 -100.90
418.00 -100.39
417.90 -99.80
417.80 -99.20
417.70 -98.61
417.60 -98.02
417.50 -97.43
417.40 -96.83
417.30 -96.24
417.20 -95.65
417.10 -95.05
417.00 -94.46
416.90 -93.79
416.80 -93.12
416.70 -92.45
416.60 -91.78
416.50 -91.11
416.40 -90.43
416.30 -89.76
416.20 -89.09
416.10 -88.42
416.00 -87.75
415.90 -87.01
415.80 -86.27
415.70 -85.53
415.60 -84.79
415.50 -84.05
415.40 -83.31
415.30 -82.57
415.20 -81.84
415.10 -81.10
415.00 -80.36
414.90 -79.56
414.80 -78.77
414.70 -77.98
414.60 -77.19
414.50 -76.40
414.40 -75.61
414.30 -74.81
414.20 -74.02
414.10 -73.23
414.00 -72.44
413.90 -71.61
413.80 -70.79
413.70 -69.96
413.60 -69.14
413.50 -68.31
413.40 -67.49
413.30 -66.66
413.20 -65.83
413.10 -65.01
413.00 -64.18
412.90 -63.35
412.80 -62.51
412.70 -61.67
412.60 -60.84
412.50 -60.00
412.40 -59.16
412.30 -58.33
412.20 -57.49
412.10 -56.65
412.00 -55.82
411.90 -54.99
411.80 -54.17
411.70 -53.34
411.60 -52.51
411.50 -51.69
411.40 -50.86
411.30 -50.04
411.20 -49.21
411.10 -48.39
411.00 -47.56
410.90 -46.77
410.80 -45.98
410.70 -45.19
410.60 -44.39
410.50 -43.60
410.40 -42.81
410.30 -42.02
410.20 -41.23
410.10 -40.44
410.00 -39.64
409.90 -38.90
409.80 -38.16
409.70 -37.43
409.60 -36.69
409.50 -35.95
409.40 -35.21
409.30 -34.47
409.20 -33.73
409.10 -32.99
409.00 -32.25
408.90 -31.58
408.80 -30.91
408.70 -30.24
408.60 -29.57
408.50 -28.89
408.40 -28.22
408.30 -27.55
408.20 -26.88
408.10 -26.21
408.00 -25.54
407.90 -24.95
407.80 -24.35
407.70 -23.76
407.60 -23.17
407.50 -22.57
407.40 -21.98
407.30 -21.39
407.20 -20.80
407.10 -20.20
407.00 -19.61
406.90 -19.10
406.80 -18.59
406.70 -18.09
406.60 -17.58
406.50 -17.07
406.40 -16.56
406.30 -16.05
406.20 -15.54
406.10 -15.04
406.00 -14.53
405.90 -14.10
405.80 -13.68
405.70 -13.26
405.60 -12.84
405.50 -12.41
405.40 -11.99
405.30 -11.57
405.20 -11.15
405.10 -10.72
405.00 -10.30
404.90 -9.96
404.80 -9.62
404.70 -9.29
404.60 -8.95
404.50 -8.61
404.40 -8.27
404.30 -7.93
404.20 -7.59
404.10 -7.25
404.00 -6.91
403.90 -6.65
403.80 -6.39
403.70 -6.13
403.60 -5.87
403.50 -5.61
403.40 -5.35
403.30 -5.09
403.20 -4.83
403.10 -4.57
403.00 -4.31
402.90 -4.13
402.80 -3.94
402.70 -3.75
402.60 -3.56
402.50 -3.38
402.40 -3.19
402.30 -3.00
402.20 -2.81
402.10 -2.63
402.00 -2.44
401.90 -2.31
401.80 -2.19
401.70 -2.07
401.60 -1.95
401.50 -1.82
401.40 -1.70
401.30 -1.58
401.20 -1.45
401.10 -1.33
401.00 -1.21
400.90 -1.14
400.80 -1.08
400.70 -1.01
400.60 -0.94
400.50 -0.88
400.40 -0.81
400.30 -0.74
400.20 -0.68
400.10 -0.61
400.00 -0.55
399.90 -0.53
399.80 -0.51
399.70 -0.49
399.60 -0.48
399.50 -0.46
399.40 -0.44
399.30 -0.43
399.20 -0.41
399.10 -0.39
399.00 -0.37
398.90 -0.40
398.80 -0.42
398.70 -0.45
398.60 -0.47
398.50 -0.50
398.40 -0.52
398.30 -0.55
398.20 -0.57
398.10 -0.59
398.00 -0.62
397.90 -0.68
397.80 -0.74
397.70 -0.80
397.60 -0.86
397.50 -0.91
397.40 -0.97
397.30 -1.03
397.20 -1.09
397.10 -1.15
397.00 -1.21
396.90 -1.30
396.80 -1.39
396.70 -1.48
396.60 -1.56
396.50 -1.65
396.40 -1.74
396.30 -1.83
396.20 -1.92
396.10 -2.01
396.00 -2.09
395.90 -2.21
395.80 -2.32
395.70 -2.43
395.60 -2.54
395.50 -2.65
395.40 -2.76
395.30 -2.88
395.20 -2.99
395.10 -3.10
395.00 -3.21
394.90 -3.34
394.80 -3.47
394.70 -3.61
394.60 -3.74
394.50 -3.87
394.40 -4.00
394.30 -4.13
394.20 -4.26
394.10 -4.39
394.00 -4.52
393.90 -4.67
393.80 -4.81
393.70 -4.96
393.60 -5.11
393.50 -5.25
393.40 -5.40
393.30 -5.55
393.20 -5.69
393.10 -5.84
393.00 -5.99
392.90 -6.14
392.80 -6.30
392.70 -6.46
392.60 -6.62
392.50 -6.78
392.40 -6.94
392.30 -7.09
392.20 -7.25
392.10 -7.41
392.00 -7.57
391.90 -7.74
391.80 -7.90
391.70 -8.07
391.60 -8.24
391.50 -8.41
391.40 -8.57
391.30 -8.74
391.20 -8.91
391.10 -9.08
391.00 -9.24
390.90 -9.42
390.80 -9.59
390.70 -9.77
390.60 -9.94
390.50 -10.12
390.40 -10.29
390.30 -10.47
390.20 -10.64
390.10 -10.82
390.00 -10.99
389.90 -11.17
389.80 -11.35
389.70 -11.53
389.60 -11.71
389.50 -11.89
389.40 -12.07
389.30 -12.25
389.20 -12.43
389.10 -12.61
389.00 -12.79
388.90 -12.97
388.80 -13.16
388.70 -13.34
388.60 -13.53
388.50 -13.71
388.40 -13.89
388.30 -14.08
388.20 -14.26
388.10 -14.44
388.00 -14.63
387.90 -14.81
387.80 -15.00
387.70 -15.19
387.60 -15.37
387.50 -15.56
387.40 -15.74
387.30 -15.93
387.20 -16.12
387.10 -16.30
387.00 -16.49
386.90 -16.68
386.80 -16.86
386.70 -17.05
386.60 -17.24
386.50 -17.43
386.40 -17.61
386.30 -17.80
386.20 -17.99
386.10 -18.18
386.00 -18.36
385.90 -18.55
385.80 -18.74
385.70 -18.93
385.60 -19.12
385.50 -19.31
385.40 -19.50
385.30 -19.68
385.20 -19.87
385.10 -20.06
385.00 -20.25
384.90 -20.44
384.80 -20.63
384.70 -20.81
384.60 -21.00
384.50 -21.19
384.40 -21.38
384.30 -21.57
384.20 -21.76
384.10 -21.94
384.00 -22.13
383.90 -22.32
383.80 -22.51
383.70 -22.70
383.60 -22.89
383.50 -23.07
383.40 -23.26
383.30 -23.45
383.20 -23.64
383.10 -23.83
383.00 -24.01
382.90 -24.20
382.80 -24.39
382.70 -24.58
382.60 -24.76
382.50 -24.95
382.40 -25.14
382.30 -25.32
382.20 -25.51
382.10 -25.70
382.00 -25.89
381.90 -26.07
381.80 -26.26
381.70 -26.45
381.60 -26.63
381.50 -26.82
381.40 -27.00
381.30 -27.19
381.20 -27.38
381.10 -27.56
381.00 -27.75
380.90 -27.93
380.80 -28.12
380.70 -28.30
380.60 -28.49
380.50 -28.68
380.40 -28.86
380.30 -29.05
380.20 -29.23
380.10 -29.42
380.00 -29.60
379.90 -29.78
379.80 -29.97
379.70 -30.15
379.60 -30.34
379.50 -30.52
379.40 -30.70
379.30 -30.89
379.20 -31.07
379.10 -31.25
379.00 -31.44
378.90 -31.62
378.80 -31.80
378.70 -31.98
378.60 -32.17
378.50 -32.35
378.40 -32.53
378.30 -32.71
378.20 -32.90
378.10 -33.08
378.00 -33.26
377.90 -33.44
377.80 -33.62
377.70 -33.80
377.60 -33.98
377.50 -34.16
377.40 -34.35
377.30 -34.53
377.20 -34.71
377.10 -34.89
377.00 -35.07
376.90 -35.25
376.80 -35.43
376.70 -35.61
376.60 -35.79
376.50 -35.97
376.40 -36.15
376.30 -36.32
376.20 -36.50
376.10 -36.68
376.00 -36.86
375.90 -37.04
375.80 -37.22
375.70 -37.40
375.60 -37.57
375.50 -37.75
375.40 -37.93
375.30 -38.11
375.20 -38.29
375.10 -38.46
375.00 -38.64
374.90 -38.82
374.80 -38.99
374.70 -39.17
374.60 -39.35
374.50 -39.52
374.40 -39.70
374.30 -39.88
374.20 -40.05
374.10 -40.23
374.00 -40.41
373.90 -40.58
373.80 -40.76
373.70 -40.93
373.60 -41.11
373.50 -41.28
373.40 -41.46
373.30 -41.63
373.20 -41.81
373.10 -41.98
373.00 -42.16
372.90 -42.33
372.80 -42.51
372.70 -42.68
372.60 -42.85
372.50 -43.03
372.40 -43.20
372.30 -43.38
372.20 -43.55
372.10 -43.72
372.00 -43.90
371.90 -44.07
371.80 -44.24
371.70 -44.42
371.60 -44.59
371.50 -44.76
371.40 -44.93
371.30 -45.11
371.20 -45.28
371.10 -45.45
371.00 -45.62
370.90 -45.80
370.80 -45.97
370.70 -46.14
370.60 -46.31
370.50 -46.48
370.40 -46.65
370.30 -46.83
370.20 -47.00
370.10 -47.17
370.00 -47.34
369.90 -47.51
369.80 -47.68
369.70 -47.85
369.60 -48.02
369.50 -48.20
369.40 -48.37
369.30 -48.54
369.20 -48.71
369.10 -48.88
369.00 -49.05
368.90 -49.22
368.80 -49.39
368.70 -49.56
368.60 -49.73
368.50 -49.90
368.40 -50.07
368.30 -50.24
368.20 -50.41
368.10 -50.58
368.00 -50.75
367.90 -50.92
367.80 -51.09
367.70 -51.26
367.60 -51.42
367.50 -51.59
367.40 -51.76
367.30 -51.93
367.20 -52.10
367.10 -52.27
367.00 -52.44
366.90 -52.61
366.80 -52.78
366.70 -52.95
366.60 -53.11
366.50 -53.28
366.40 -53.45
366.30 -53.62
366.20 -53.79
366.10 -53.96
366.00 -54.13
365.90 -54.29
365.80 -54.46
365.70 -54.63
365.60 -54.80
365.50 -54.97
365.40 -55.14
365.30 -55.30
365.20 -55.47
365.10 -55.64
365.00 -55.81
364.90 -55.98
364.80 -56.14
364.70 -56.31
364.60 -56.48
364.50 -56.65
364.40 -56.81
364.30 -56.98
364.20 -57.15
364.10 -57.32
364.00 -57.49
363.90 -57.65
363.80 -57.82
363.70 -57.99
363.60 -58.16
363.50 -58.32
363.40 -58.49
363.30 -58.66
363.20 -58.83
363.10 -58.99
363.00 -59.16
362.90 -59.33
362.80 -59.50
362.70 -59.66
362.60 -59.83
362.50 -60.00
362.40 -60.17
362.30 -60.34
362.20 -60.50
362.10 -60.67
362.00 -60.84
361.90 -61.01
361.80 -61.17
361.70 -61.34
361.60 -61.51
361.50 -61.68
361.40 -61.84
361.30 -62.01
361.20 -62.18
361.10 -62.35
361.00 -62.51
360.90 -62.68
360.80 -62.85
360.70 -63.02
360.60 -63.19
360.50 -63.35
360.40 -63.52
360.30 -63.69
360.20 -63.86
360.10 -64.02
360.00 -64.19
359.90 -64.36
359.80 -64.53
359.70 -64.70
359.60 -64.86
359.50 -65.03
359.40 -65.20
359.30 -65.37
359.20 -65.54
359.10 -65.71
359.00 -65.87
358.90 -66.04
358.80 -66.21
358.70 -66.38
358.60 -66.55
358.50 -66.72
358.40 -66.89
358.30 -67.05
358.20 -67.22
358.10 -67.39
358.00 -67.56
357.90 -67.73
357.80 -67.90
357.70 -68.07
357.60 -68.24
357.50 -68.41
357.40 -68.58
357.30 -68.74
357.20 -68.91
357.10 -69.08
357.00 -69.25
356.90 -69.42
356.80 -69.59
356.70 -69.76
356.60 -69.93
356.50 -70.10
356.40 -70.27
356.30 -70.44
356.20 -70.61
356.10 -70.78
356.00 -70.95
355.90 -71.12
355.80 -71.29
355.70 -71.46
355.60 -71.63
355.50 -71.80
355.40 -71.98
355.30 -72.15
355.20 -72.32
355.10 -72.49
355.00 -72.66
354.90 -72.83
354.80 -73.00
354.70 -73.17
354.60 -73.35
354.50 -73.52
354.40 -73.69
354.30 -73.86
354.20 -74.03
354.10 -74.20
354.00 -74.38
353.90 -74.55
353.80 -74.72
353.70 -74.89
353.60 -75.07
353.50 -75.24
353.40 -75.41
353.30 -75.58
353.20 -75.76
353.10 -75.93
353.00 -76.10
352.90 -76.28
352.80 -76.45
352.70 -76.62
352.60 -76.80
352.50 -76.97
352.40 -77.15
352.30 -77.32
352.20 -77.49
352.10 -77.67
352.00 -77.84
351.90 -78.02
351.80 -78.19
351.70 -78.37
351.60 -78.54
351.50 -78.72
351.40 -78.89
351.30 -79.07
351.20 -79.24
351.10 -79.42
351.00 -79.59
350.90 -79.77
350.80 -79.95
350.70 -80.12
350.60 -80.30
350.50 -80.48
350.40 -80.65
350.30 -80.83
350.20 -81.01
350.10 -81.18
350.00 -81.36
349.90 -81.54
349.80 -81.71
349.70 -81.89
349.60 -82.07
349.50 -82.25
349.40 -82.43
349.30 -82.60
349.20 -82.78
349.10 -82.96
349.00 -83.14
348.90 -83.32
348.80 -83.50
348.70 -83.68
348.60 -83.85
348.50 -84.03
348.40 -84.21
348.30 -84.39
348.20 -84.57
348.10 -84.75
348.00 -84.93
347.90 -85.11
347.80 -85.29
347.70 -85.47
347.60 -85.65
347.50 -85.84
347.40 -86.02
347.30 -86.20
347.20 -86.38
347.10 -86.56
347.00 -86.74
346.90 -86.92
346.80 -87.10
346.70 -87.29
346.60 -87.47
346.50 -87.65
346.40 -87.83
346.30 -88.02
346.20 -88.20
346.10 -88.38
346.00 -88.56
345.90 -88.75
345.80 -88.93
345.70 -89.11
345.60 -89.30
345.50 -89.48
345.40 -89.66
345.30 -89.85
345.20 -90.03
345.10 -90.22
345.00 -90.40
344.90 -90.58
344.80 -90.77
344.70 -90.95
344.60 -91.14
344.50 -91.32
344.40 -91.51
344.30 -91.70
344.20 -91.88
344.10 -92.07
344.00 -92.25
343.90 -92.44
343.80 -92.62
343.70 -92.81
343.60 -93.00
343.50 -93.18
343.40 -93.37
343.30 -93.55
343.20 -93.74
343.10 -93.93
343.00 -94.11
342.90 -94.30
342.80 -94.49
342.70 -94.68
342.60 -94.86
342.50 -95.05
342.40 -95.24
342.30 -95.42
342.20 -95.61
342.10 -95.80
342.00 -95.99
341.90 -96.17
341.80 -96.36
341.70 -96.55
341.60 -96.74
341.50 -96.93
341.40 -97.11
341.30 -97.30
341.20 -97.49
341.10 -97.68
341.00 -97.87
340.90 -98.06
340.80 -98.24
340.70 -98.43
340.60 -98.62
340.50 -98.81
340.40 -99.00
340.30 -99.19
340.20 -99.37
340.10 -99.56
340.00 -99.75
339.90 -99.94
339.80 -100.13
339.70 -100.32
339.60 -100.50
339.50 -100.69
339.40 -100.88
339.30 -101.07
339.20 -101.26
339.10 -101.45
339.00 -101.64
338.90 -101.82
338.80 -102.01
338.70 -102.20
338.60 -102.39
338.50 -102.57
338.40 -102.76
338.30 -102.95
338.20 -103.14
338.10 -103.32
338.00 -103.51
337.90 -103.70
337.80 -103.88
337.70 -104.07
337.60 -104.26
337.50 -104.44
337.40 -104.63
337.30 -104.81
337.20 -105.00
337.10 -105.19
337.00 -105.37
336.90 -105.56
336.80 -105.74
336.70 -105.92
336.60 -106.11
336.50 -106.29
336.40 -106.47
336.30 -106.66
336.20 -106.84
336.10 -107.03
336.00 -107.21
335.90 -107.39
335.80 -107.57
335.70 -107.75
335.60 -107.93
335.50 -108.11
335.40 -108.29
335.30 -108.47
335.20 -108.65
335.10 -108.83
335.00 -109.01
334.90 -109.18
334.80 -109.36
334.70 -109.53
334.60 -109.71
334.50 -109.88
334.40 -110.06
334.30 -110.23
334.20 -110.41
334.10 -110.58
334.00 -110.76
333.90 -110.92
333.80 -111.09
333.70 -111.26
333.60 -111.43
333.50 -111.59
333.40 -111.76
333.30 -111.93
333.20 -112.10
333.10 -112.26
333.00 -112.43
332.90 -112.59
332.80 -112.75
332.70 -112.91
332.60 -113.06
332.50 -113.22
332.40 -113.38
332.30 -113.54
332.20 -113.70
332.10 -113.86
332.00 -114.01
331.90 -114.16
331.80 -114.31
331.70 -114.45
331.60 -114.60
331.50 -114.75
331.40 -114.89
331.30 -115.04
331.20 -115.19
331.10 -115.33
331.00 -115.48
330.90 -115.61
330.80 -115.74
330.70 -115.87
330.60 -116.00
330.50 -116.13
330.40 -116.26
330.30 -116.39
330.20 -116.53
330.10 -116.66
330.00 -116.79
329.90 -116.90
329.80 -117.01
329.70 -117.12
329.60 -117.24
329.50 -117.35
329.40 -117.46
329.30 -117.57
329.20 -117.68
329.10 -117.79
329.00 -117.91
328.90 -117.99
328.80 -118.08
328.70 -118.17
328.60 -118.26
328.50 -118.35
328.40 -118.44
328.30 -118.52
328.20 -118.61
328.10 -118.70
328.00 -118.79
327.90 -118.85
327.80 -118.91
327.70 -118.97
327.60 -119.03
327.50 -119.09
327.40 -119.14
327.30 -119.20
327.20 -119.26
327.10 -119.32
327.00 -119.38
326.90 -119.41
326.80 -119.43
326.70 -119.45
326.60 -119.48
326.50 -119.50
326.40 -119.53
326.30 -119.55
326.20 -119.58
326.10 -119.60
326.00 -119.63
325.90 -119.61
325.80 -119.59
325.70 -119.57
325.60 -119.56
325.50 -119.54
325.40 -119.52
325.30 -119.51
325.20 -119.49
325.10 -119.47
325.00 -119.45
324.90 -119.39
324.80 -119.32
324.70 -119.26
324.60 -119.19
324.50 -119.12
324.40 -119.06
324.30 -118.99
324.20 -118.92
324.10 -118.86
324.00 -118.79
323.90 -118.67
323.80 -118.55
323.70 -118.42
323.60 -118.30
323.50 -118.18
323.40 -118.05
323.30 -117.93
323.20 -117.81
323.10 -117.69
323.00 -117.56
322.90 -117.37
322.80 -117.19
322.70 -117.00
322.60 -116.81
322.50 -116.62
322.40 -116.44
322.30 -116.25
322.20 -116.06
322.10 -115.87
322.00 -115.69
321.90 -115.43
321.80 -115.17
321.70 -114.91
321.60 -114.65
321.50 -114.39
321.40 -114.13
321.30 -113.87
321.20 -113.61
321.10 -113.35
321.00 -113.09
320.90 -112.75
320.80 -112.41
320.70 -112.07
320.60 -111.73
320.50 -111.39
320.40 -111.05
320.30 -110.71
320.20 -110.38
320.10 -110.04
320.00 -109.70
319.90 -109.28
319.80 -108.85
319.70 -108.43
319.60 -108.01
319.50 -107.59
319.40 -107.16
319.30 -106.74
319.20 -106.32
319.10 -105.90
319.00 -105.47
318.90 -104.96
318.80 -104.46
318.70 -103.95
318.60 -103.44
318.50 -102.93
318.40 -102.42
318.30 -101.91
318.20 -101.41
318.10 -100.90
318.00 -100.39
317.90 -99.80
317.80 -99.20
317.70 -98.61
317.60 -98.02
317.50 -97.43
317.40 -96.83
317.30 -96.24
317.20 -95.65
317.10 -95.05
317.00 -94.46
316.90 -93.79
316.80 -93.12
316.70 -92.45
316.60 -91.78
316.50 -91.11
316.40 -90.43
316.30 -89.76
316.20 -89.09
316.10 -88.42
316.00 -87.75
315.90 -87.01
315.80 -86.27
315.70 -85.53
315.60 -84.79
315.50 -84.05
315.40 -83.31
315.30 -82.57
315.20 -81.84
315.10 -81.10
315.00 -80.36
314.90 -79.56
314.80 -78.77
314.70 -77.98
314.60 -77.19
314.50 -76.40
314.40 -75.61
314.30 -74.81
314.20 -74.02
314.10 -73.23
314.00 -72.44
313.90 -71.61
313.80 -70.79
313.70 -69.96
313.60 -69.14
313.50 -68.31
313.40 -67.49
313.30 -66.66
313.20 -65.83
313.10 -65.01
313.00 -64.18
312.90 -63.35
312.80 -62.51
312.70 -61.67
312.60 -60.84
312.50 -60.00
312.40 -59.16
312.30 -58.33
312.20 -57.49
312.10 -56.65
312.00 -55.82
311.90 -54.99
311.80 -54.17
311.70 -53.34
311.60 -52.51
311.50 -51.69
311.40 -50.86
311.30 -50.04
311.20 -49.21
311.10 -48.39
311.00 -47.56
310.90 -46.77
310.80 -45.98
310.70 -45.19
310.60 -44.39
310.50 -43.60
310.40 -42.81
310.30 -42.02
310.20 -41.23
310.10 -40.44
310.00 -39.64
309.90 -38.90
309.80 -38.16
309.70 -37.43
309.60 -36.69
309.50 -35.95
309.40 -35.21
309.30 -34.47
309.20 -33.73
309.10 -32.99
309.00 -32.25
308.90 -31.58
308.80 -30.91
308.70 -30.24
308.60 -29.57
308.50 -28.89
308.40 -28.22
308.30 -27.55
308.20 -26.88
308.10 -26.21
308.00 -25.54
307.90 -24.95
307.80 -24.35
307.70 -23.76
307.60 -23.17
307.50 -22.57
307.40 -21.98
307.30 -21.39
307.20 -20.80
307.10 -20.20
307.00 -19.61
306.90 -19.10
306.80 -18.59
306.70 -18.09
306.60 -17.58
306.50 -17.07
306.40 -16.56
306.30 -16.05
306.20 -15.54
306.10 -15.04
306.00 -14.53
305.90 -14.10
305.80 -13.68
305.70 -13.26
305.60 -12.84
305.50 -12.41
305.40 -11.99
305.30 -11.57
305.20 -11.15
305.10 -10.72
305.00 -10.30
304.90 -9.96
304.80 -9.62
304.70 -9.29
304.60 -8.95
304.50 -8.61
304.40 -8.27
304.30 -7.93
304.20 -7.59
304.10 -7.25
304.00 -6.91
303.90 -6.65
303.80 -6.39
303.70 -6.13
303.60 -5.87
303.50 -5.61
303.40 -5.35
303.30 -5.09
303.20 -4.83
303.10 -4.57
303.00 -4.31
302.90 -4.13
302.80 -3.94
302.70 -3.75
302.60 -3.56
302.50 -3.38
302.40 -3.19
302.30 -3.00
302.20 -2.81
302.10 -2.63
302.00 -2.44
301.90 -2.31
301.80 -2.19
301.70 -2.07
301.60 -1.95
301.50 -1.82
301.40 -1.70
301.30 -1.58
301.20 -1.45
301.10 -1.33
301.00 -1.21
300.90 -1.14
300.80 -1.08
300.70 -1.01
300.60 -0.94
300.50 -0.88
300.40 -0.81
300.30 -0.74
300.20 -0.68
300.10 -0.61
300.00 -0.55
299.90 -0.53
299.80 -0.51
299.70 -0.49
299.60 -0.48
299.50 -0.46
299.40 -0.44
299.30 -0.43
299.20 -0.41
299.10 -0.39
299.00 -0.37
298.90 -0.40
298.80 -0.42
298.70 -0.45
298.60 -0.47
298.50 -0.50
298.40 -0.52
298.30 -0.55
298.20 -0.57
298.10 -0.59
298.00 -0.62
297.90 -0.68
297.80 -0.74
297.70 -0.80
297.60 -0.86
297.50 -0.91
297.40 -0.97
297.30 -1.03
297.20 -1.09
297.10 -1.15
297.00 -1.21
296.90 -1.30
296.80 -1.39
296.70 -1.48
296.60 -1.56
296.50 -1.65
296.40 -1.74
296.30 -1.83
296.20 -1.92
296.10 -2.01
296.00 -2.09
295.90 -2.21
295.80 -2.32
295.70 -2.43
295.60 -2.54
295.50 -2.65
295.40 -2.76
295.30 -2.88
295.20 -2.99
295.10 -3.10
295.00 -3.21
294.90 -3.34
294.80 -3.47
294.70 -3.61
294.60 -3.74
294.50 -3.87
294.40 -4.00
294.30 -4.13
294.20 -4.26
294.10 -4.39
294.00 -4.52
293.90 -4.67
293.80 -4.81
293.70 -4.96
293.60 -5.11
293.50 -5.25
293.40 -5.40
293.30 -5.55
293.20 -5.69
293.10 -5.84
293.00 -5.99
292.90 -6.14
292.80 -6.30
292.70 -6.46
292.60 -6.62
292.50 -6.78
292.40 -6.94
292.30 -7.09
292.20 -7.25
292.10 -7.41
292.00 -7.57
291.90 -7.74
291.80 -7.90
291.70 -8.07
291.60 -8.24
291.50 -8.41
291.40 -8.57
291.30 -8.74
291.20 -8.91
291.10 -9.08
291.00 -9.24
290.90 -9.42
290.80 -9.59
290.70 -9.77
290.60 -9.94
290.50 -10.12
290.40 -10.29
290.30 -10.47
290.20 -10.64
290.10 -10.82
290.00 -10.99
289.90 -11.17
289.80 -11.35
289.70 -11.53
289.60 -11.71
289.50 -11.89
289.40 -12.07
289.30 -12.25
289.20 -12.43
289.10 -12.61
289.00 -12.79
288.90 -12.97
288.80 -13.16
288.70 -13.34
288.60 -13.53
288.50 -13.71
288.40 -13.89
288.30 -14.08
288.20 -14.26
288.10 -14.44
288.00 -14.63
287.90 -14.81
287.80 -15.00
287.70 -15.19
287.60 -15.37
287.50 -15.56
287.40 -15.74
287.30 -15.93
287.20 -16.12
287.10 -16.30
287.00 -16.49
286.90 -16.68
286.80 -16.86
286.70 -17.05
286.60 -17.24
286.50 -17.43
286.40 -17.61
286.30 -17.80
286.20 -17.99
286.10 -18.18
286.00 -18.36
285.90 -18.55
285.80 -18.74
285.70 -18.93
285.60 -19.12
285.50 -19.31
285.40 -19.50
285.30 -19.68
285.20 -19.87
285.10 -20.06
285.00 -20.25
284.90 -20.44
284.80 -20.63
284.70 -20.81
284.60 -21.00
284.50 -21.19
284.40 -21.38
284.30 -21.57
284.20 -21.76
284.10 -21.94
284.00 -22.13
283.90 -22.32
283.80 -22.51
283.70 -22.70
283.60 -22.89
283.50 -23.07
283.40 -23.26
283.30 -23.45
283.20 -23.64
283.10 -23.83
283.00 -24.01
282.90 -24.20
282.80 -24.39
282.70 -24.58
282.60 -24.76
282.50 -24.95
282.40 -25.14
282.30 -25.32
282.20 -25.51
282.10 -25.70
282.00 -25.89
281.90 -26.07
281.80 -26.26
281.70 -26.45
281.60 -26.63
281.50 -26.82
281.40 -27.00
281.30 -27.19
281.20 -27.38
281.10 -27.56
281.00 -27.75
280.90 -27.93
280.80 -28.12
280.70 -28.30
280.60 -28.49
280.50 -28.68
280.40 -28.86
280.30 -29.05
280.20 -29.23
280.10 -29.42
280.00 -29.60
279.90 -29.78
279.80 -29.97
279.70 -30.15
279.60 -30.34
279.50 -30.52
279.40 -30.70
279.30 -30.89
279.20 -31.07
279.10 -31.25
279.00 -31.44
278.90 -31.62
278.80 -31.80
278.70 -31.98
278.60 -32.17
278.50 -32.35
278.40 -32.53
278.30 -32.71
278.20 -32.90
278.10 -33.08
278.00 -33.26
277.90 -33.44
277.80 -33.62
277.70 -33.80
277.60 -33.98
277.50 -34.16
277.40 -34.35
277.30 -34.53
277.20 -34.71
277.10 -34.89
277.00 -35.07
276.90 -35.25
276.80 -35.43
276.70 -35.61
276.60 -35.79
276.50 -35.97
276.40 -36.15
276.30 -36.32
276.20 -36.50
276.10 -36.68
276.00 -36.86
275.90 -37.04
275.80 -37.22
275.70 -37.40
275.60 -37.57
275.50 -37.75
275.40 -37.93
275.30 -38.11
275.20 -38.29
275.10 -38.46
275.00 -38.64
274.90 -38.82
274.80 -38.99
274.70 -39.17
274.60 -39.35
274.50 -39.52
274.40 -39.70
274.30 -39.88
274.20 -40.05
274.10 -40.23
274.00 -40.41
273.90 -40.58
273.80 -40.76
273.70 -40.93
273.60 -41.11
273.50 -41.28
273.40 -41.46
273.30 -41.63
273.20 -41.81
273.10 -41.98
273.00 -42.16
272.90 -42.33
272.80 -42.51
272.70 -42.68
272.60 -42.85
272.50 -43.03
272.40 -43.20
272.30 -43.38
272.20 -43.55
272.10 -43.72
272.00 -43.90
271.90 -44.07
271.80 -44.24
271.70 -44.42
271.60 -44.59
271.50 -44.76
271.40 -44.93
271.30 -45.11
271.20 -45.28
271.10 -45.45
271.00 -45.62
270.90 -45.80
270.80 -45.97
270.70 -46.14
270.60 -46.31
270.50 -46.48
270.40 -46.65
270.30 -46.83
270.20 -47.00
270.10 -47.17
270.00 -47.34
269.90 -47.51
269.80 -47.68
269.70 -47.85
269.60 -48.02
269.50 -48.20
269.40 -48.37
269.30 -48.54
269.20 -48.71
269.10 -48.88
269.00 -49.05
268.90 -49.22
268.80 -49.39
268.70 -49.56
268.60 -49.73
268.50 -49.90
268.40 -50.07
268.30 -50.24
268.20 -50.41
268.10 -50.58
268.00 -50.75
267.90 -50.92
267.80 -51.09
267.70 -51.26
267.60 -51.42
267.50 -51.59
267.40 -51.76
267.30 -51.93
267.20 -52.10
267.10 -52.27
267.00 -52.44
266.90 -52.61
266.80 -52.78
266.70 -52.95
266.60 -53.11
266.50 -53.28
266.40 -53.45
266.30 -53.62
266.20 -53.79
266.10 -53.96
266.00 -54.13
265.90 -54.29
265.80 -54.46
265.70 -54.63
265.60 -54.80
265.50 -54.97
265.40 -55.14
265.30 -55.30
265.20 -55.47
265.10 -55.64
265.00 -55.81
264.90 -55.98
264.80 -56.14
264.70 -56.31
264.60 -56.48
264.50 -56.65
264.40 -56.81
264.30 -56.98
264.20 -57.15
264.10 -57.32
264.00 -57.49
263.90 -57.65
263.80 -57.82
263.70 -57.99
263.60 -58.16
263.50 -58.32
263.40 -58.49
263.30 -58.66
263.20 -58.83
263.10 -58.99
263.00 -59.16
262.90 -59.33
262.80 -59.50
262.70 -59.66
262.60 -59.83
262.50 -60.00
262.40 -60.17
262.30 -60.34
262.20 -60.50
262.10 -60.67
262.00 -60.84
261.90 -61.01
261.80 -61.17
261.70 -61.34
261.60 -61.51
261.50 -61.68
261.40 -61.84
261.30 -62.01
261.20 -62.18
261.10 -62.35
261.00 -62.51
260.90 -62.68
260.80 -62.85
260.70 -63.02
260.60 -63.19
260.50 -63.35
260.40 -63.52
260.30 -63.69
260.20 -63.86
260.10 -64.02
260.00 -64.19
259.90 -64.36
259.80 -64.53
259.70 -64.70
259.60 -64.86
259.50 -65.03
259.40 -65.20
259.30 -65.37
259.20 -65.54
259.10 -65.71
259.00 -65.87
258.90 -66.04
258.80 -66.21
258.70 -66.38
258.60 -66.55
258.50 -66.72
258.40 -66.89
258.30 -67.05
258.20 -67.22
258.10 -67.39
258.00 -67.56
257.90 -67.73
257.80 -67.90
257.70 -68.07
257.60 -68.24
257.50 -68.41
257.40 -68.58
257.30 -68.74
257.20 -68.91
257.10 -69.08
257.00 -69.25
256.90 -69.42
256.80 -69.59
256.70 -69.76
256.60 -69.93
256.50 -70.10
256.40 -70.27
256.30 -70.44
256.20 -70.61
256.10 -70.78
256.00 -70.95
255.90 -71.12
255.80 -71.29
255.70 -71.46
255.60 -71.63
255.50 -71.80
255.40 -71.98
255.30 -72.15
255.20 -72.32
255.10 -72.49
255.00 -72.66
254.90 -72.83
254.80 -73.00
254.70 -73.17
254.60 -73.35
254.50 -73.52
254.40 -73.69
254.30 -73.86
254.20 -74.03
254.10 -74.20
254.00 -74.38
253.90 -74.55
253.80 -74.72
253.70 -74.89
253.60 -75.07
253.50 -75.24
253.40 -75.41
253.30 -75.58
253.20 -75.76
253.10 -75.93
253.00 -76.10
252.90 -76.28
252.80 -76.45
252.70 -76.62
252.60 -76.80
252.50 -76.97
252.40 -77.15
252.30 -77.32
252.20 -77.49
252.10 -77.67
252.00 -77.84
251.90 -78.02
251.80 -78.19
251.70 -78.37
251.60 -78.54
251.50 -78.72
251.40 -78.89
251.30 -79.07
251.20 -79.24
251.10 -79.42
251.00 -79.59
250.90 -79.77
250.80 -79.95
250.70 -80.12
250.60 -80.30
250.50 -80.48
250.40 -80.65
250.30 -80.83
250.20 -81.01
250.10 -81.18
250.00 -81.36
249.90 -81.54
249.80 -81.71
249.70 -81.89
249.60 -82.07
249.50 -82.25
249.40 -82.43
249.30 -82.60
249.20 -82.78
249.10 -82.96
249.00 -83.14
248.90 -83.32
248.80 -83.50
248.70 -83.68
248.60 -83.85
248.50 -84.03
248.40 -84.21
248.30 -84.39
248.20 -84.57
248.10 -84.75
248.00 -84.93
247.90 -85.11
247.80 -85.29
247.70 -85.47
247.60 -85.65
247.50 -85.84
247.40 -86.02
247.30 -86.20
247.20 -86.38
247.10 -86.56
247.00 -86.74
246.90 -86.92
246.80 -87.10
246.70 -87.29
246.60 -87.47
246.50 -87.65
246.40 -87.83
246.30 -88.02
246.20 -88.20
246.10 -88.38
246.00 -88.56
245.90 -88.75
245.80 -88.93
245.70 -89.11
245.60 -89.30
245.50 -89.48
245.40 -89.66
245.30 -89.85
245.20 -90.03
245.10 -90.22
245.00 -90.40
244.90 -90.58
244.80 -90.77
244.70 -90.95
244.60 -91.14
244.50 -91.32
244.40 -91.51
244.30 -91.70
244.20 -91.88
244.10 -92.07
244.00 -92.25
243.90 -92.44
243.80 -92.62
243.70 -92.81
243.60 -93.00
243.50 -93.18
243.40 -93.37
243.30 -93.55
243.20 -93.74
243.10 -93.93
243.00 -94.11
242.90 -94.30
242.80 -94.49
242.70 -94.68
242.60 -94.86
242.50 -95.05
242.40 -95.24
242.30 -95.42
242.20 -95.61
242.10 -95.80
242.00 -95.99
241.90 -96.17
241.80 -96.36
241.70 -96.55
241.60 -96.74
241.50 -96.93
241.40 -97.11
241.30 -97.30
241.20 -97.49
241.10 -97.68
241.00 -97.87
240.90 -98.06
240.80 -98.24
240.70 -98.43
240.60 -98.62
240.50 -98.81
240.40 -99.00
240.30 -99.19
240.20 -99.37
240.10 -99.56
240.00 -99.75
239.90 -99.94
239.80 -100.13
239.70 -100.32
239.60 -100.50
239.50 -100.69
239.40 -100.88
239.30 -101.07
239.20 -101.26
239.10 -101.45
239.00 -101.64
238.90 -101.82
238.80 -102.01
238.70 -102.20
238.60 -102.39
238.50 -102.57
238.40 -102.76
238.30 -102.95
238.20 -103.14
238.10 -103.32
238.00 -103.51
237.90 -103.70
237.80 -103.88
237.70 -104.07
237.60 -104.26
237.50 -104.44
237.40 -104.63
237.30 -104.81
237.20 -105.00
237.10 -105.19
237.00 -105.37
236.90 -105.56
236.80 -105.74
236.70 -105.92
236.60 -106.11
236.50 -106.29
236.40 -106.47
236.30 -106.66
236.20 -106.84
236.10 -107.03
236.00 -107.21
235.90 -107.39
235.80 -107.57
235.70 -107.75
235.60 -107.93
235.50 -108.11
235.40 -108.29
235.30 -108.47
235.20 -108.65
235.10 -108.83
235.00 -109.01
234.90 -109.18
234.80 -109.36
234.70 -109.53
234.60 -109.71
234.50 -109.88
234.40 -110.06
234.30 -110.23
234.20 -110.41
234.10 -110.58
234.00 -110.76
233.90 -110.92
233.80 -111.09
233.70 -111.26
233.60 -111.43
233.50 -111.59
233.40 -111.76
233.30 -111.93
233.20 -112.10
233.10 -112.26
233.00 -112.43
232.90 -112.59
232.80 -112.75
232.70 -112.91
232.60 -113.06
232.50 -113.22
232.40 -113.38
232.30 -113.54
232.20 -113.70
232.10 -113.86
232.00 -114.01
231.90 -114.16
231.80 -114.31
231.70 -114.45
231.60 -114.60
231.50 -114.75
231.40 -114.89
231.30 -115.04
231.20 -115.19
231.10 -115.33
231.00 -115.48
230.90 -115.61
230.80 -115.74
230.70 -115.87
230.60 -116.00
230.50 -116.13
230.40 -116.26
230.30 -116.39
230.20 -116.53
230.10 -116.66
230.00 -116.79
229.90 -116.90
229.80 -117.01
229.70 -117.12
229.60 -117.24
229.50 -117.35
229.40 -117.46
229.30 -117.57
229.20 -117.68
229.10 -117.79
229.00 -117.91
228.90 -117.99
228.80 -118.08
228.70 -118.17
228.60 -118.26
228.50 -118.35
228.40 -118.44
228.30 -118.52
228.20 -118.61
228.10 -118.70
228.00 -118.79
227.90 -118.85
227.80 -118.91
227.70 -118.97
227.60 -119.03
227.50 -119.09
227.40 -119.14
227.30 -119.20
227.20 -119.26
227.10 -119.32
227.00 -119.38
226.90 -119.41
226.80 -119.43
226.70 -119.45
226.60 -119.48
226.50 -119.50
226.40 -119.53
226.30 -119.55
226.20 -119.58
226.10 -119.60
226.00 -119.63
225.90 -119.61
225.80 -119.59
225.70 -119.57
225.60 -119.56
225.50 -119.54
225.40 -119.52
225.30 -119.51
225.20 -119.49
225.10 -119.47
225.00 -119.45
224.90 -119.39
224.80 -119.32
224.70 -119.26
224.60 -119.19
224.50 -119.12
224.40 -119.06
224.30 -118.99
224.20 -118.92
224.10 -118.86
224.00 -118.79
223.90 -118.67
223.80 -118.55
223.70 -118.42
223.60 -118.30
223.50 -118.18
223.40 -118.05
223.30 -117.93
223.20 -117.81
223.10 -117.69
223.00 -117.56
222.90 -117.37
222.80 -117.19
222.70 -117.00
222.60 -116.81
222.50 -116.62
222.40 -116.44
222.30 -116.25
222.20 -116.06
222.10 -115.87
222.00 -115.69
221.90 -115.43
221.80 -115.17
221.70 -114.91
221.60 -114.65
221.50 -114.39
221.40 -114.13
221.30 -113.87
221.20 -113.61
221.10 -113.35
221.00 -113.09
220.90 -112.75
220.80 -112.41
220.70 -112.07
220.60 -111.73
220.50 -111.39
220.40 -111.05
220.30 -110.71
220.20 -110.38
220.10 -110.04
220.00 -109.70
219.90 -109.28
219.80 -108.85
219.70 -108.43
219.60 -108.01
219.50 -107.59
219.40 -107.16
219.30 -106.74
219.20 -106.32
219.10 -105.90
219.00 -105.47
218.90 -104.96
218.80 -104.46
218.70 -103.95
218.60 -103.44
218.50 -102.93
218.40 -102.42
218.30 -101.91
218.20 -101.41
218.10 -100.90
218.00 -100.39
217.90 -99.80
217.80 -99.20
217.70 -98.61
217.60 -98.02
217.50 -97.43
217.40 -96.83
217.30 -96.24
217.20 -95.65
217.10 -95.05
217.00 -94.46
216.90 -93.79
216.80 -93.12
216.70 -92.45
216.60 -91.78
216.50 -91.11
216.40 -90.43
216.30 -89.76
216.20 -89.09
216.10 -88.42
216.00 -87.75
215.90 -87.01
215.80 -86.27
215.70 -85.53
215.60 -84.79
215.50 -84.05
215.40 -83.31
215.30 -82.57
215.20 -81.84
215.10 -81.10
215.00 -80.36
214.90 -79.56
214.80 -78.77
214.70 -77.98
214.60 -77.19
214.50 -76.40
214.40 -75.61
214.30 -74.81
214.20 -74.02
214.10 -73.23
214.00 -72.44
213.90 -71.61
213.80 -70.79
213.70 -69.96
213.60 -69.14
213.50 -68.31
213.40 -67.49
213.30 -66.66
213.20 -65.83
213.10 -65.01
213.00 -64.18
212.90 -63.35
212.80 -62.51
212.70 -61.67
212.60 -60.84
212.50 -60.00
212.40 -59.16
212.30 -58.33
212.20 -57.49
212.10 -56.65
212.00 -55.82
211.90 -54.99
211.80 -54.17
211.70 -53.34
211.60 -52.51
211.50 -51.69
211.40 -50.86
211.30 -50.04
211.20 -49.21
211.10 -48.39
211.00 -47.56
210.90 -46.77
210.80 -45.98
210.70 -45.19
210.60 -44.39
210.50 -43.60
210.40 -42.81
210.30 -42.02
210.20 -41.23
210.10 -40.44
210.00 -39.64
209.90 -38.90
209.80 -38.16
209.70 -37.43
209.60 -36.69
209.50 -35.95
209.40 -35.21
209.30 -34.47
209.20 -33.73
209.10 -32.99
209.00 -32.25
208.90 -31.58
208.80 -30.91
208.70 -30.24
208.60 -29.57
208.50 -28.89
208.40 -28.22
208.30 -27.55
208.20 -26.88
208.10 -26.21
208.00 -25.54
207.90 -24.95
207.80 -24.35
207.70 -23.76
207.60 -23.17
207.50 -22.57
207.40 -21.98
207.30 -21.39
207.20 -20.80
207.10 -20.20
207.00 -19.61
206.90 -19.10
206.80 -18.59
206.70 -18.09
206.60 -17.58
206.50 -17.07
206.40 -16.56
206.30 -16.05
206.20 -15.54
206.10 -15.04
206.00 -14.53
205.90 -14.10
205.80 -13.68
205.70 -13.26
205.60 -12.84
205.50 -12.41
205.40 -11.99
205.30 -11.57
205.20 -11.15
205.10 -10.72
205.00 -10.30
204.90 -9.96
204.80 -9.62
204.70 -9.29
204.60 -8.95
204.50 -8.61
204.40 -8.27
204.30 -7.93
204.20 -7.59
204.10 -7.25
204.00 -6.91
203.90 -6.65
203.80 -6.39
203.70 -6.13
203.60 -5.87
203.50 -5.61
203.40 -5.35
203.30 -5.09
203.20 -4.83
203.10 -4.57
203.00 -4.31
202.90 -4.13
202.80 -3.94
202.70 -3.75
202.60 -3.56
202.50 -3.38
202.40 -3.19
202.30 -3.00
202.20 -2.81
202.10 -2.63
202.00 -2.44
201.90 -2.31
201.80 -2.19
201.70 -2.07
201.60 -1.95
201.50 -1.82
201.40 -1.70
201.30 -1.58
201.20 -1.45
201.10 -1.33
201.00 -1.21
200.90 -1.14
200.80 -1.08
200.70 -1.01
200.60 -0.94
200.50 -0.88
200.40 -0.81
200.30 -0.74
200.20 -0.68
200.10 -0.61
200.00 -0.55
199.90 -0.53
199.80 -0.51
199.70 -0.49
199.60 -0.48
199.50 -0.46
199.40 -0.44
199.30 -0.43
199.20 -0.41
199.10 -0.39
199.00 -0.37
198.90 -0.40
198.80 -0.42
198.70 -0.45
198.60 -0.47
198.50 -0.50
198.40 -0.52
198.30 -0.55
198.20 -0.57
198.10 -0.59
198.00 -0.62
197.90 -0.68
197.80 -0.74
197.70 -0.80
197.60 -0.86
197.50 -0.91
197.40 -0.97
197.30 -1.03
197.20 -1.09
197.10 -1.15
197.00 -1.21
196.90 -1.30
196.80 -1.39
196.70 -1.48
196.60 -1.56
196.50 -1.65
196.40 -1.74
196.30 -1.83
196.20 -1.92
196.10 -2.01
196.00 -2.09
195.90 -2.21
195.80 -2.32
195.70 -2.43
195.60 -2.54
195.50 -2.65
195.40 -2.76
195.30 -2.88
195.20 -2.99
195.10 -3.10
195.00 -3.21
194.90 -3.34
194.80 -3.47
194.70 -3.61
194.60 -3.74
194.50 -3.87
194.40 -4.00
194.30 -4.13
194.20 -4.26
194.10 -4.39
194.00 -4.52
193.90 -4.67
193.80 -4.81
193.70 -4.96
193.60 -5.11
193.50 -5.25
193.40 -5.40
193.30 -5.55
193.20 -5.69
193.10 -5.84
193.00 -5.99
192.90 -6.14
192.80 -6.30
192.70 -6.46
192.60 -6.62
192.50 -6.78
192.40 -6.94
192.30 -7.09
192.20 -7.25
192.10 -7.41
192.00 -7.57
191.90 -7.74
191.80 -7.90
191.70 -8.07
191.60 -8.24
191.50 -8.41
191.40 -8.57
191.30 -8.74
191.20 -8.91
191.10 -9.08
191.00 -9.24
190.90 -9.42
190.80 -9.59
190.70 -9.77
190.60 -9.94
190.50 -10.12
190.40 -10.29
190.30 -10.47
190.20 -10.64
190.10 -10.82
190.00 -10.99
189.90 -11.17
189.80 -11.35
189.70 -11.53
189.60 -11.71
189.50 -11.89
189.40 -12.07
189.30 -12.25
189.20 -12.43
189.10 -12.61
189.00 -12.79
188.90 -12.97
188.80 -13.16
188.70 -13.34
188.60 -13.53
188.50 -13.71
188.40 -13.89
188.30 -14.08
188.20 -14.26
188.10 -14.44
188.00 -14.63
187.90 -14.81
187.80 -15.00
187.70 -15.19
187.60 -15.37
187.50 -15.56
187.40 -15.74
187.30 -15.93
187.20 -16.12
187.10 -16.30
187.00 -16.49
186.90 -16.68
186.80 -16.86
186.70 -17.05
186.60 -17.24
186.50 -17.43
186.40 -17.61
186.30 -17.80
186.20 -17.99
186.10 -18.18
186.00 -18.36
185.90 -18.55
185.80 -18.74
185.70 -18.93
185.60 -19.12
185.50 -19.31
185.40 -19.50
185.30 -19.68
185.20 -19.87
185.10 -20.06
185.00 -20.25
184.90 -20.44
184.80 -20.63
184.70 -20.81
184.60 -21.00
184.50 -21.19
184.40 -21.38
184.30 -21.57
184.20 -21.76
184.10 -21.94
184.00 -22.13
183.90 -22.32
183.80 -22.51
183.70 -22.70
183.60 -22.89
183.50 -23.07
183.40 -23.26
183.30 -23.45
183.20 -23.64
183.10 -23.83
183.00 -24.01
182.90 -24.20
182.80 -24.39
182.70 -24.58
182.60 -24.76
182.50 -24.95
182.40 -25.14
182.30 -25.32
182.20 -25.51
182.10 -25.70
182.00 -25.89
181.90 -26.07
181.80 -26.26
181.70 -26.45
181.60 -26.63
181.50 -26.82
181.40 -27.00
181.30 -27.19
181.20 -27.38
181.10 -27.56
181.00 -27.75
180.90 -27.93
180.80 -28.12
180.70 -28.30
180.60 -28.49
180.50 -28.68
180.40 -28.86
180.30 -29.05
180.20 -29.23
180.10 -29.42
180.00 -29.60
179.90 -29.78
179.80 -29.97
179.70 -30.15
179.60 -30.34
179.50 -30.52
179.40 -30.70
179.30 -30.89
179.20 -31.07
179.10 -31.25
179.00 -31.44
178.90 -31.62
178.80 -31.80
178.70 -31.98
178.60 -32.17
178.50 -32.35
178.40 -32.53
178.30 -32.71
178.20 -32.90
178.10 -33.08
178.00 -33.26
177.90 -33.44
177.80 -33.62
177.70 -33.80
177.60 -33.98
177.50 -34.16
177.40 -34.35
177.30 -34.53
177.20 -34.71
177.10 -34.89
177.00 -35.07
176.90 -35.25
176.80 -35.43
176.70 -35.61
176.60 -35.79
176.50 -35.97
176.40 -36.15
176.30 -36.32
176.20 -36.50
176.10 -36.68
176.00 -36.86
175.90 -37.04
175.80 -37.22
175.70 -37.40
175.60 -37.57
175.50 -37.75
175.40 -37.93
175.30 -38.11
175.20 -38.29
175.10 -38.46
175.00 -38.64
174.90 -38.82
174.80 -38.99
174.70 -39.17
174.60 -39.35
174.50 -39.52
174.40 -39.70
174.30 -39.88
174.20 -40.05
174.10 -40.23
174.00 -40.41
173.90 -40.58
173.80 -40.76
173.70 -40.93
173.60 -41.11
173.50 -41.28
173.40 -41.46
173.30 -41.63
173.20 -41.81
173.10 -41.98
173.00 -42.16
172.90 -42.33
172.80 -42.51
172.70 -42.68
172.60 -42.85
172.50 -43.03
172.40 -43.20
172.30 -43.38
172.20 -43.55
172.10 -43.72
172.00 -43.90
171.90 -44.07
171.80 -44.24
171.70 -44.42
171.60 -44.59
171.50 -44.76
171.40 -44.93
171.30 -45.11
171.20 -45.28
171.10 -45.45
171.00 -45.62
170.90 -45.80
170.80 -45.97
170.70 -46.14
170.60 -46.31
170.50 -46.48
170.40 -46.65
170.30 -46.83
170.20 -47.00
170.10 -47.17
170.00 -47.34
169.90 -47.51
169.80 -47.68
169.70 -47.85
169.60 -48.02
169.50 -48.20
169.40 -48.37
169.30 -48.54
169.20 -48.71
169.10 -48.88
169.00 -49.05
168.90 -49.22
168.80 -49.39
168.70 -49.56
168.60 -49.73
168.50 -49.90
168.40 -50.07
168.30 -50.24
168.20 -50.41
168.10 -50.58
168.00 -50.75
167.90 -50.92
167.80 -51.09
167.70 -51.26
167.60 -51.42
167.50 -51.59
167.40 -51.76
167.30 -51.93
167.20 -52.10
167.10 -52.27
167.00 -52.44
166.90 -52.61
166.80 -52.78
166.70 -52.95
166.60 -53.11
166.50 -53.28
166.40 -53.45
166.30 -53.62
166.20 -53.79
166.10 -53.96
166.00 -54.13
165.90 -54.29
165.80 -54.46
165.70 -54.63
165.60 -54.80
165.50 -54.97
165.40 -55.14
165.30 -55.30
165.20 -55.47
165.10 -55.64
165.00 -55.81
164.90 -55.98
164.80 -56.14
164.70 -56.31
164.60 -56.48
164.50 -56.65
164.40 -56.81
164.30 -56.98
164.20 -57.15
164.10 -57.32
164.00 -57.49
163.90 -57.65
163.80 -57.82
163.70 -57.99
163.60 -58.16
163.50 -58.32
163.40 -58.49
163.30 -58.66
163.20 -58.83
163.10 -58.99
163.00 -59.16
162.90 -59.33
162.80 -59.50
162.70 -59.66
162.60 -59.83
162.50 -60.00
162.40 -60.17
162.30 -60.34
162.20 -60.50
162.10 -60.67
162.00 -60.84
161.90 -61.01
161.80 -61.17
161.70 -61.34
161.60 -61.51
161.50 -61.68
161.40 -61.84
161.30 -62.01
161.20 -62.18
161.10 -62.35
161.00 -62.51
160.90 -62.68
160.80 -62.85
160.70 -63.02
160.60 -63.19
160.50 -63.35
160.40 -63.52
160.30 -63.69
160.20 -63.86
160.10 -64.02
160.00 -64.19
159.90 -64.36
159.80 -64.53
159.70 -64.70
159.60 -64.86
159.50 -65.03
159.40 -65.20
159.30 -65.37
159.20 -65.54
159.10 -65.71
159.00 -65.87
158.90 -66.04
158.80 -66.21
158.70 -66.38
158.60 -66.55
158.50 -66.72
158.40 -66.89
158.30 -67.05
158.20 -67.22
158.10 -67.39
158.00 -67.56
157.90 -67.73
157.80 -67.90
157.70 -68.07
157.60 -68.24
157.50 -68.41
157.40 -68.58
157.30 -68.74
157.20 -68.91
157.10 -69.08
157.00 -69.25
156.90 -69.42
156.80 -69.59
156.70 -69.76
156.60 -69.93
156.50 -70.10
156.40 -70.27
156.30 -70.44
156.20 -70.61
156.10 -70.78
156.00 -70.95
155.90 -71.12
155.80 -71.29
155.70 -71.46
155.60 -71.63
155.50 -71.80
155.40 -71.98
155.30 -72.15
155.20 -72.32
155.10 -72.49
155.00 -72.66
154.90 -72.83
154.80 -73.00
154.70 -73.17
154.60 -73.35
154.50 -73.52
154.40 -73.69
154.30 -73.86
154.20 -74.03
154.10 -74.20
154.00 -74.38
153.90 -74.55
153.80 -74.72
153.70 -74.89
153.60 -75.07
153.50 -75.24
153.40 -75.41
153.30 -75.58
153.20 -75.76
153.10 -75.93
153.00 -76.10
152.90 -76.28
152.80 -76.45
152.70 -76.62
152.60 -76.80
152.50 -76.97
152.40 -77.15
152.30 -77.32
152.20 -77.49
152.10 -77.67
152.00 -77.84
151.90 -78.02
151.80 -78.19
151.70 -78.37
151.60 -78.54
151.50 -78.72
151.40 -78.89
151.30 -79.07
151.20 -79.24
151.10 -79.42
151.00 -79.59
150.90 -79.77
150.80 -79.95
150.70 -80.12
150.60 -80.30
150.50 -80.48
150.40 -80.65
150.30 -80.83
150.20 -81.01
150.10 -81.18
150.00 -81.36
149.90 -81.54
149.80 -81.71
149.70 -81.89
149.60 -82.07
149.50 -82.25
149.40 -82.43
149.30 -82.60
149.20 -82.78
149.10 -82.96
149.00 -83.14
148.90 -83.32
148.80 -83.50
148.70 -83.68
148.60 -83.85
148.50 -84.03
148.40 -84.21
148.30 -84.39
148.20 -84.57
148.10 -84.75
148.00 -84.93
147.90 -85.11
147.80 -85.29
147.70 -85.47
147.60 -85.65
147.50 -85.84
147.40 -86.02
147.30 -86.20
147.20 -86.38
147.10 -86.56
147.00 -86.74
146.90 -86.92
146.80 -87.10
146.70 -87.29
146.60 -87.47
146.50 -87.65
146.40 -87.83
146.30 -88.02
146.20 -88.20
146.10 -88.38
146.00 -88.56
145.90 -88.75
145.80 -88.93
145.70 -89.11
145.60 -89.30
145.50 -89.48
145.40 -89.66
145.30 -89.85
145.20 -90.03
145.10 -90.22
145.00 -90.40
144.90 -90.58
144.80 -90.77
144.70 -90.95
144.60 -91.14
144.50 -91.32
144.40 -91.51
144.30 -91.70
144.20 -91.88
144.10 -92.07
144.00 -92.25
143.90 -92.44
143.80 -92.62
143.70 -92.81
143.60 -93.00
143.50 -93.18
143.40 -93.37
143.30 -93.55
143.20 -93.74
143.10 -93.93
143.00 -94.11
142.90 -94.30
142.80 -94.49
142.70 -94.68
142.60 -94.86
142.50 -95.05
142.40 -95.24
142.30 -95.42
142.20 -95.61
142.10 -95.80
142.00 -95.99
141.90 -96.17
141.80 -96.36
141.70 -96.55
141.60 -96.74
141.50 -96.93
141.40 -97.11
141.30 -97.30
141.20 -97.49
141.10 -97.68
141.00 -97.87
140.90 -98.06
140.80 -98.24
140.70 -98.43
140.60 -98.62
140.50 -98.81
140.40 -99.00
140.30 -99.19
140.20 -99.37
140.10 -99.56
140.00 -99.75
139.90 -99.94
139.80 -100.13
139.70 -100.32
139.60 -100.50
139.50 -100.69
139.40 -100.88
139.30 -101.07
139.20 -101.26
139.10 -101.45
139.00 -101.64
138.90 -101.82
138.80 -102.01
138.70 -102.20
138.60 -102.39
138.50 -102.57
138.40 -102.76
138.30 -102.95
138.20 -103.14
138.10 -103.32
138.00 -103.51
137.90 -103.70
137.80 -103.88
137.70 -104.07
137.60 -104.26
137.50 -104.44
137.40 -104.63
137.30 -104.81
137.20 -105.00
137.10 -105.19
137.00 -105.37
136.90 -105.56
136.80 -105.74
136.70 -105.92
136.60 -106.11
136.50 -106.29
136.40 -106.47
136.30 -106.66
136.20 -106.84
136.10 -107.03
136.00 -107.21
135.90 -107.39
135.80 -107.57
135.70 -107.75
135.60 -107.93
135.50 -108.11
135.40 -108.29
135.30 -108.47
135.20 -108.65
135.10 -108.83
135.00 -109.01
134.90 -109.18
134.80 -109.36
134.70 -109.53
134.60 -109.71
134.50 -109.88
134.40 -110.06
134.30 -110.23
134.20 -110.41
134.10 -110.58
134.00 -110.76
133.90 -110.92
133.80 -111.09
133.70 -111.26
133.60 -111.43
133.50 -111.59
133.40 -111.76
133.30 -111.93
133.20 -112.10
133.10 -112.26
133.00 -112.43
132.90 -112.59
132.80 -112.75
132.70 -112.91
132.60 -113.06
132.50 -113.22
132.40 -113.38
132.30 -113.54
132.20 -113.70
132.10 -113.86
132.00 -114.01
131.90 -114.16
131.80 -114.31
131.70 -114.45
131.60 -114.60
131.50 -114.75
131.40 -114.89
131.30 -115.04
131.20 -115.19
131.10 -115.33
131.00 -115.48
130.90 -115.61
130.80 -115.74
130.70 -115.87
130.60 -116.00
130.50 -116.13
130.40 -116.26
130.30 -116.39
130.20 -116.53
130.10 -116.66
130.00 -116.79
129.90 -116.90
129.80 -117.01
129.70 -117.12
129.60 -117.24
129.50 -117.35
129.40 -117.46
129.30 -117.57
129.20 -117.68
129.10 -117.79
129.00 -117.91
128.90 -117.99
128.80 -118.08
128.70 -118.17
128.60 -118.26
128.50 -118.35
128.40 -118.44
128.30 -118.52
128.20 -118.61
128.10 -118.70
128.00 -118.79
127.90 -118.85
127.80 -118.91
127.70 -118.97
127.60 -119.03
127.50 -119.09
127.40 -119.14
127.30 -119.20
127.20 -119.26
127.10 -119.32
127.00 -119.38
126.90 -119.41
126.80 -119.43
126.70 -119.45
126.60 -119.48
126.50 -119.50
126.40 -119.53
126.30 -119.55
126.20 -119.58
126.10 -119.60
126.00 -119.63
125.90 -119.61
125.80 -119.59
125.70 -119.57
125.60 -119.56
125.50 -119.54
125.40 -119.52
125.30 -119.51
125.20 -119.49
125.10 -119.47
125.00 -119.45
124.90 -119.39
124.80 -119.32
124.70 -119.26
124.60 -119.19
124.50 -119.12
124.40 -119.06
124.30 -118.99
124.20 -118.92
124.10 -118.86
124.00 -118.79
123.90 -118.67
123.80 -118.55
123.70 -118.42
123.60 -118.30
123.50 -118.18
123.40 -118.05
123.30 -117.93
123.20 -117.81
123.10 -117.69
123.00 -117.56
122.90 -117.37
122.80 -117.19
122.70 -117.00
122.60 -116.81
122.50 -116.62
122.40 -116.44
122.30 -116.25
122.20 -116.06
122.10 -115.87
122.00 -115.69
121.90 -115.43
121.80 -115.17
121.70 -114.91
121.60 -114.65
121.50 -114.39
121.40 -114.13
121.30 -113.87
121.20 -113.61
121.10 -113.35
121.00 -113.09
120.90 -112.75
120.80 -112.41
120.70 -112.07
120.60 -111.73
120.50 -111.39
120.40 -111.05
120.30 -110.71
120.20 -110.38
120.10 -110.04
120.00 -109.70
119.90 -109.28
119.80 -108.85
119.70 -108.43
119.60 -108.01
119.50 -107.59
119.40 -107.16
119.30 -106.74
119.20 -106.32
119.10 -105.90
119.00 -105.47
118.90 -104.96
118.80 -104.46
118.70 -103.95
118.60 -103.44
118.50 -102.93
118.40 -102.42
118.30 -101.91
118.20 -101.41
118.10 -100.90
118.00 -100.39
117.90 -99.80
117.80 -99.20
117.70 -98.61
117.60 -98.02
117.50 -97.43
117.40 -96.83
117.30 -96.24
117.20 -95.65
117.10 -95.05
117.00 -94.46
116.90 -93.79
116.80 -93.12
116.70 -92.45
116.60 -91.78
116.50 -91.11
116.40 -90.43
116.30 -89.76
116.20 -89.09
116.10 -88.42
116.00 -87.75
115.90 -87.01
115.80 -86.27
115.70 -85.53
115.60 -84.79
115.50 -84.05
115.40 -83.31
115.30 -82.57
115.20 -81.84
115.10 -81.10
115.00 -80.36
114.90 -79.56
114.80 -78.77
114.70 -77.98
114.60 -77.19
114.50 -76.40
114.40 -75.61
114.30 -74.81
114.20 -74.02
114.10 -73.23
114.00 -72.44
113.90 -71.61
113.80 -70.79
113.70 -69.96
113.60 -69.14
113.50 -68.31
113.40 -67.49
113.30 -66.66
113.20 -65.83
113.10 -65.01
113.00 -64.18
112.90 -63.35
112.80 -62.51
112.70 -61.67
112.60 -60.84
112.50 -60.00
112.40 -59.16
112.30 -58.33
112.20 -57.49
112.10 -56.65
112.00 -55.82
111.90 -54.99
111.80 -54.17
111.70 -53.34
111.60 -52.51
111.50 -51.69
111.40 -50.86
111.30 -50.04
111.20 -49.21
111.10 -48.39
111.00 -47.56
110.90 -46.77
110.80 -45.98
110.70 -45.19
110.60 -44.39
110.50 -43.60
110.40 -42.81
110.30 -42.02
110.20 -41.23
110.10 -40.44
110.00 -39.64
109.90 -38.90
109.80 -38.16
109.70 -37.43
109.60 -36.69
109.50 -35.95
109.40 -35.21
109.30 -34.47
109.20 -33.73
109.10 -32.99
109.00 -32.25
108.90 -31.58
108.80 -30.91
108.70 -30.24
108.60 -29.57
108.50 -28.89
108.40 -28.22
108.30 -27.55
108.20 -26.88
108.10 -26.21
108.00 -25.54
107.90 -24.95
107.80 -24.35
107.70 -23.76
107.60 -23.17
107.50 -22.57
107.40 -21.98
107.30 -21.39
107.20 -20.80
107.10 -20.20
107.00 -19.61
106.90 -19.10
106.80 -18.59
106.70 -18.09
106.60 -17.58
106.50 -17.07
106.40 -16.56
106.30 -16.05
106.20 -15.54
106.10 -15.04
106.00 -14.53
105.90 -14.10
105.80 -13.68
105.70 -13.26
105.60 -12.84
105.50 -12.41
105.40 -11.99
105.30 -11.57
105.20 -11.15
105.10 -10.72
105.00 -10.30
104.90 -9.96
104.80 -9.62
104.70 -9.29
104.60 -8.95
104.50 -8.61
104.40 -8.27
104.30 -7.93
104.20 -7.59
104.10 -7.25
104.00 -6.91
103.90 -6.65
103.80 -6.39
103.70 -6.13
103.60 -5.87
103.50 -5.61
103.40 -5.35
103.30 -5.09
103.20 -4.83
103.10 -4.57
103.00 -4.31
102.90 -4.13
102.80 -3.94
102.70 -3.75
102.60 -3.56
102.50 -3.38
102.40 -3.19
102.30 -3.00
102.20 -2.81
102.10 -2.63
102.00 -2.44
101.90 -2.31
101.80 -2.19
101.70 -2.07
101.60 -1.95
101.50 -1.82
101.40 -1.70
101.30 -1.58
101.20 -1.45
101.10 -1.33
101.00 -1.21
100.90 -1.14
100.80 -1.08
100.70 -1.01
100.60 -0.94
100.50 -0.88
100.40 -0.81
100.30 -0.74
100.20 -0.68
100.10 -0.61
100.00 -0.55
99.90 -0.53
99.80 -0.51
99.70 -0.49
99.60 -0.48
99.50 -0.46
99.40 -0.44
99.30 -0.43
99.20 -0.41
99.10 -0.39
99.00 -0.37
98.90 -0.40
98.80 -0.42
98.70 -0.45
98.60 -0.47
98.50 -0.50
98.40 -0.52
98.30 -0.55
98.20 -0.57
98.10 -0.59
98.00 -0.62
97.90 -0.68
97.80 -0.74
97.70 -0.80
97.60 -0.86
97.50 -0.91
97.40 -0.97
97.30 -1.03
97.20 -1.09
97.10 -1.15
97.00 -1.21
96.90 -1.30
96.80 -1.39
96.70 -1.48
96.60 -1.56
96.50 -1.65
96.40 -1.74
96.30 -1.83
96.20 -1.92
96.10 -2.01
96.00 -2.09
95.90 -2.21
95.80 -2.32
95.70 -2.43
95.60 -2.54
95.50 -2.65
95.40 -2.76
95.30 -2.88
95.20 -2.99
95.10 -3.10
95.00 -3.21
94.90 -3.34
94.80 -3.47
94.70 -3.61
94.60 -3.74
94.50 -3.87
94.40 -4.00
94.30 -4.13
94.20 -4.26
94.10 -4.39
94.00 -4.52
93.90 -4.67
93.80 -4.81
93.70 -4.96
93.60 -5.11
93.50 -5.25
93.40 -5.40
93.30 -5.55
93.20 -5.69
93.10 -5.84
93.00 -5.99
92.90 -6.14
92.80 -6.30
92.70 -6.46
92.60 -6.62
92.50 -6.78
92.40 -6.94
92.30 -7.09
92.20 -7.25
92.10 -7.41
92.00 -7.57
91.90 -7.74
91.80 -7.90
91.70 -8.07
91.60 -8.24
91.50 -8.41
91.40 -8.57
91.30 -8.74
91.20 -8.91
91.10 -9.08
91.00 -9.24
90.90 -9.42
90.80 -9.59
90.70 -9.77
90.60 -9.94
90.50 -10.12
90.40 -10.29
90.30 -10.47
90.20 -10.64
90.10 -10.82
90.00 -10.99
89.90 -11.17
89.80 -11.35
89.70 -11.53
89.60 -11.71
89.50 -11.89
89.40 -12.07
89.30 -12.25
89.20 -12.43
89.10 -12.61
89.00 -12.79
88.90 -12.97
88.80 -13.16
88.70 -13.34
88.60 -13.53
88.50 -13.71
88.40 -13.89
88.30 -14.08
88.20 -14.26
88.10 -14.44
88.00 -14.63
87.90 -14.81
87.80 -15.00
87.70 -15.19
87.60 -15.37
87.50 -15.56
87.40 -15.74
87.30 -15.93
87.20 -16.12
87.10 -16.30
87.00 -16.49
86.90 -16.68
86.80 -16.86
86.70 -17.05
86.60 -17.24
86.50 -17.43
86.40 -17.61
86.30 -17.80
86.20 -17.99
86.10 -18.18
86.00 -18.36
85.90 -18.55
85.80 -18.74
85.70 -18.93
85.60 -19.12
85.50 -19.31
85.40 -19.50
85.30 -19.68
85.20 -19.87
85.10 -20.06
85.00 -20.25
84.90 -20.44
84.80 -20.63
84.70 -20.81
84.60 -21.00
84.50 -21.19
84.40 -21.38
84.30 -21.57
84.20 -21.76
84.10 -21.94
84.00 -22.13
83.90 -22.32
83.80 -22.51
83.70 -22.70
83.60 -22.89
83.50 -23.07
83.40 -23.26
83.30 -23.45
83.20 -23.64
83.10 -23.83
83.00 -24.01
82.90 -24.20
82.80 -24.39
82.70 -24.58
82.60 -24.76
82.50 -24.95
82.40 -25.14
82.30 -25.32
82.20 -25.51
82.10 -25.70
82.00 -25.89
81.90 -26.07
81.80 -26.26
81.70 -26.45
81.60 -26.63
81.50 -26.82
81.40 -27.00
81.30 -27.19
81.20 -27.38
81.10 -27.56
81.00 -27.75
80.90 -27.93
80.80 -28.12
80.70 -28.30
80.60 -28.49
80.50 -28.68
80.40 -28.86
80.30 -29.05
80.20 -29.23
80.10 -29.42
80.00 -29.60
79.90 -29.78
79.80 -29.97
79.70 -30.15
79.60 -30.34
79.50 -30.52
79.40 -30.70
79.30 -30.89
79.20 -31.07
79.10 -31.25
79.00 -31.44
78.90 -31.62
78.80 -31.80
78.70 -31.98
78.60 -32.17
78.50 -32.35
78.40 -32.53
78.30 -32.71
78.20 -32.90
78.10 -33.08
78.00 -33.26
77.90 -33.44
77.80 -33.62
77.70 -33.80
77.60 -33.98
77.50 -34.16
77.40 -34.35
77.30 -34.53
77.20 -34.71
77.10 -34.89
77.00 -35.07
76.90 -35.25
76.80 -35.43
76.70 -35.61
76.60 -35.79
76.50 -35.97
76.40 -36.15
76.30 -36.32
76.20 -36.50
76.10 -36.68
76.00 -36.86
75.90 -37.04
75.80 -37.22
75.70 -37.40
75.60 -37.57
75.50 -37.75
75.40 -37.93
75.30 -38.11
75.20 -38.29
75.10 -38.46
75.00 -38.64
74.90 -38.82
74.80 -38.99
74.70 -39.17
74.60 -39.35
74.50 -39.52
74.40 -39.70
74.30 -39.88
74.20 -40.05
74.10 -40.23
74.00 -40.41
73.90 -40.58
73.80 -40.76
73.70 -40.93
73.60 -41.11
73.50 -41.28
73.40 -41.46
73.30 -41.63
73.20 -41.81
73.10 -41.98
73.00 -42.16
72.90 -42.33
72.80 -42.51
72.70 -42.68
72.60 -42.85
72.50 -43.03
72.40 -43.20
72.30 -43.38
72.20 -43.55
72.10 -43.72
72.00 -43.90
71.90 -44.07
71.80 -44.24
71.70 -44.42
71.60 -44.59
71.50 -44.76
71.40 -44.93
71.30 -45.11
71.20 -45.28
71.10 -45.45
71.00 -45.62
70.90 -45.80
70.80 -45.97
70.70 -46.14
70.60 -46.31
70.50 -46.48
70.40 -46.65
70.30 -46.83
70.20 -47.00
70.10 -47.17
70.00 -47.34
69.90 -47.51
69.80 -47.68
69.70 -47.85
69.60 -48.02
69.50 -48.20
69.40 -48.37
69.30 -48.54
69.20 -48.71
69.10 -48.88
69.00 -49.05
68.90 -49.22
68.80 -49.39
68.70 -49.56
68.60 -49.73
68.50 -49.90
68.40 -50.07
68.30 -50.24
68.20 -50.41
68.10 -50.58
68.00 -50.75
67.90 -50.92
67.80 -51.09
67.70 -51.26
67.60 -51.42
67.50 -51.59
67.40 -51.76
67.30 -51.93
67.20 -52.10
67.10 -52.27
67.00 -52.44
66.90 -52.61
66.80 -52.78
66.70 -52.95
66.60 -53.11
66.50 -53.28
66.40 -53.45
66.30 -53.62
66.20 -53.79
66.10 -53.96
66.00 -54.13
65.90 -54.29
65.80 -54.46
65.70 -54.63
65.60 -54.80
65.50 -54.97
65.40 -55.14
65.30 -55.30
65.20 -55.47
65.10 -55.64
65.00 -55.81
64.90 -55.98
64.80 -56.14
64.70 -56.31
64.60 -56.48
64.50 -56.65
64.40 -56.81
64.30 -56.98
64.20 -57.15
64.10 -57.32
64.00 -57.49
63.90 -57.65
63.80 -57.82
63.70 -57.99
63.60 -58.16
63.50 -58.32
63.40 -58.49
63.30 -58.66
63.20 -58.83
63.10 -58.99
63.00 -59.16
62.90 -59.33
62.80 -59.50
62.70 -59.66
62.60 -59.83
62.50 -60.00
62.40 -60.17
62.30 -60.34
62.20 -60.50
62.10 -60.67
62.00 -60.84
61.90 -61.01
61.80 -61.17
61.70 -61.34
61.60 -61.51
61.50 -61.68
61.40 -61.84
61.30 -62.01
61.20 -62.18
61.10 -62.35
61.00 -62.51
60.90 -62.68
60.80 -62.85
60.70 -63.02
60.60 -63.19
60.50 -63.35
60.40 -63.52
60.30 -63.69
60.20 -63.86
60.10 -64.02
60.00 -64.19
59.90 -64.36
59.80 -64.53
59.70 -64.70
59.60 -64.86
59.50 -65.03
59.40 -65.20
59.30 -65.37
59.20 -65.54
59.10 -65.71
59.00 -65.87
58.90 -66.04
58.80 -66.21
58.70 -66.38
58.60 -66.55
58.50 -66.72
58.40 -66.89
58.30 -67.05
58.20 -67.22
58.10 -67.39
58.00 -67.56
57.90 -67.73
57.80 -67.90
57.70 -68.07
57.60 -68.24
57.50 -68.41
57.40 -68.58
57.30 -68.74
57.20 -68.91
57.10 -69.08
57.00 -69.25
56.90 -69.42
56.80 -69.59
56.70 -69.76
56.60 -69.93
56.50 -70.10
56.40 -70.27
56.30 -70.44
56.20 -70.61
56.10 -70.78
56.00 -70.95
55.90 -71.12
55.80 -71.29
55.70 -71.46
55.60 -71.63
55.50 -71.80
55.40 -71.98
55.30 -72.15
55.20 -72.32
55.10 -72.49
55.00 -72.66
54.90 -72.83
54.80 -73.00
54.70 -73.17
54.60 -73.35
54.50 -73.52
54.40 -73.69
54.30 -73.86
54.20 -74.03
54.10 -74.20
54.00 -74.38
53.90 -74.55
53.80 -74.72
53.70 -74.89
53.60 -75.07
53.50 -75.24
53.40 -75.41
53.30 -75.58
53.20 -75.76
53.10 -75.93
53.00 -76.10
52.90 -76.28
52.80 -76.45
52.70 -76.62
52.60 -76.80
52.50 -76.97
52.40 -77.15
52.30 -77.32
52.20 -77.49
52.10 -77.67
52.00 -77.84
51.90 -78.02
51.80 -78.19
51.70 -78.37
51.60 -78.54
51.50 -78.72
51.40 -78.89
51.30 -79.07
51.20 -79.24
51.10 -79.42
51.00 -79.59
50.90 -79.77
50.80 -79.95
50.70 -80.12
50.60 -80.30
50.50 -80.48
50.40 -80.65
50.30 -80.83
50.20 -81.01
50.10 -81.18
50.00 -81.36
49.90 -81.54
49.80 -81.71
49.70 -81.89
49.60 -82.07
49.50 -82.25
49.40 -82.43
49.30 -82.60
49.20 -82.78
49.10 -82.96
49.00 -83.14
48.90 -83.32
48.80 -83.50
48.70 -83.68
48.60 -83.85
48.50 -84.03
48.40 -84.21
48.30 -84.39
48.20 -84.57
48.10 -84.75
48.00 -84.93
47.90 -85.11
47.80 -85.29
47.70 -85.47
47.60 -85.65
47.50 -85.84
47.40 -86.02
47.30 -86.20
47.20 -86.38
47.10 -86.56
47.00 -86.74
46.90 -86.92
46.80 -87.10
46.70 -87.29
46.60 -87.47
46.50 -87.65
46.40 -87.83
46.30 -88.02
46.20 -88.20
46.10 -88.38
46.00 -88.56
45.90 -88.75
45.80 -88.93
45.70 -89.11
45.60 -89.30
45.50 -89.48
45.40 -89.66
45.30 -89.85
45.20 -90.03
45.10 -90.22
45.00 -90.40
44.90 -90.58
44.80 -90.77
44.70 -90.95
44.60 -91.14
44.50 -91.32
44.40 -91.51
44.30 -91.70
44.20 -91.88
44.10 -92.07
44.00 -92.25
43.90 -92.44
43.80 -92.62
43.70 -92.81
43.60 -93.00
43.50 -93.18
43.40 -93.37
43.30 -93.55
43.20 -93.74
43.10 -93.93
43.00 -94.11
42.90 -94.30
42.80 -94.49
42.70 -94.68
42.60 -94.86
42.50 -95.05
42.40 -95.24
42.30 -95.42
42.20 -95.61
42.10 -95.80
42.00 -95.99
41.90 -96.17
41.80 -96.36
41.70 -96.55
41.60 -96.74
41.50 -96.93
41.40 -97.11
41.30 -97.30
41.20 -97.49
41.10 -97.68
41.00 -97.87
40.90 -98.06
40.80 -98.24
40.70 -98.43
40.60 -98.62
40.50 -98.81
40.40 -99.00
40.30 -99.19
40.20 -99.37
40.10 -99.56
40.00 -99.75
39.90 -99.94
39.80 -100.13
39.70 -100.32
39.60 -100.50
39.50 -100.69
39.40 -100.88
39.30 -101.07
39.20 -101.26
39.10 -101.45
39.00 -101.64
38.90 -101.82
38.80 -102.01
38.70 -102.20
38.60 -102.39
38.50 -102.57
38.40 -102.76
38.30 -102.95
38.20 -103.14
38.10 -103.32
38.00 -103.51
37.90 -103.70
37.80 -103.88
37.70 -104.07
37.60 -104.26
37.50 -104.44
37.40 -104.63
37.30 -104.81
37.20 -105.00
37.10 -105.19
37.00 -105.37
36.90 -105.56
36.80 -105.74
36.70 -105.92
36.60 -106.11
36.50 -106.29
36.40 -106.47
36.30 -106.66
36.20 -106.84
36.10 -107.03
36.00 -107.21
35.90 -107.39
35.80 -107.57
35.70 -107.75
35.60 -107.93
35.50 -108.11
35.40 -108.29
35.30 -108.47
35.20 -108.65
35.10 -108.83
35.00 -109.01
34.90 -109.18
34.80 -109.36
34.70 -109.53
34.60 -109.71
34.50 -109.88
34.40 -110.06
34.30 -110.23
34.20 -110.41
34.10 -110.58
34.00 -110.76
33.90 -110.92
33.80 -111.09
33.70 -111.26
33.60 -111.43
33.50 -111.59
33.40 -111.76
33.30 -111.93
33.20 -112.10
33.10 -112.26
33.00 -112.43
32.90 -112.59
32.80 -112.75
32.70 -112.91
32.60 -113.06
32.50 -113.22
32.40 -113.38
32.30 -113.54
32.20 -113.70
32.10 -113.86
32.00 -114.01
31.90 -114.16
31.80 -114.31
31.70 -114.45
31.60 -114.60
31.50 -114.75
31.40 -114.89
31.30 -115.04
31.20 -115.19
31.10 -115.33
31.00 -115.48
30.90 -115.61
30.80 -115.74
30.70 -115.87
30.60 -116.00
30.50 -116.13
30.40 -116.26
30.30 -116.39
30.20 -116.53
30.10 -116.66
30.00 -116.79
29.90 -116.90
29.80 -117.01
29.70 -117.12
29.60 -117.24
29.50 -117.35
29.40 -117.46
29.30 -117.57
29.20 -117.68
29.10 -117.79
29.00 -117.91
28.90 -117.99
28.80 -118.08
28.70 -118.17
28.60 -118.26
28.50 -118.35
28.40 -118.44
28.30 -118.52
28.20 -118.61
28.10 -118.70
28.00 -118.79
27.90 -118.85
27.80 -118.91
27.70 -118.97
27.60 -119.03
27.50 -119.09
27.40 -119.14
27.30 -119.20
27.20 -119.26
27.10 -119.32
27.00 -119.38
26.90 -119.41
26.80 -119.43
26.70 -119.45
26.60 -119.48
26.50 -119.50
26.40 -119.53
26.30 -119.55
26.20 -119.58
26.10 -119.60
26.00 -119.63
25.90 -119.61
25.80 -119.59
25.70 -119.57
25.60 -119.56
25.50 -119.54
25.40 -119.52
25.30 -119.51
25.20 -119.49
25.10 -119.47
25.00 -119.45
24.90 -119.39
24.80 -119.32
24.70 -119.26
24.60 -119.19
24.50 -119.12
24.40 -119.06
24.30 -118.99
24.20 -118.92
24.10 -118.86
24.00 -118.79
23.90 -118.67
23.80 -118.55
23.70 -118.42
23.60 -118.30
23.50 -118.18
23.40 -118.05
23.30 -117.93
23.20 -117.81
23.10 -117.69
23.00 -117.56
22.90 -117.37
22.80 -117.19
22.70 -117.00
22.60 -116.81
22.50 -116.62
22.40 -116.44
22.30 -116.25
22.20 -116.06
22.10 -115.87
22.00 -115.69
21.90 -115.43
21.80 -115.17
21.70 -114.91
21.60 -114.65
21.50 -114.39
21.40 -114.13
21.30 -113.87
21.20 -113.61
21.10 -113.35
21.00 -113.09
20.90 -112.75
20.80 -112.41
20.70 -112.07
20.60 -111.73
20.50 -111.39
20.40 -111.05
20.30 -110.71
20.20 -110.38
20.10 -110.04
20.00 -109.70
19.90 -109.28
19.80 -108.85
19.70 -108.43
19.60 -108.01
19.50 -107.59
19.40 -107.16
19.30 -106.74
19.20 -106.32
19.10 -105.90
19.00 -105.47
18.90 -104.96
18.80 -104.46
18.70 -103.95
18.60 -103.44
18.50 -102.93
18.40 -102.42
18.30 -101.91
18.20 -101.41
18.10 -100.90
18.00 -100.39
17.90 -99.80
17.80 -99.20
17.70 -98.61
17.60 -98.02
17.50 -97.43
17.40 -96.83
17.30 -96.24
17.20 -95.65
17.10 -95.05
17.00 -94.46
16.90 -93.79
16.80 -93.12
16.70 -92.45
16.60 -91.78
16.50 -91.11
16.40 -90.43
16.30 -89.76
16.20 -89.09
16.10 -88.42
16.00 -87.75
15.90 -87.01
15.80 -86.27
15.70 -85.53
15.60 -84.79
15.50 -84.05
15.40 -83.31
15.30 -82.57
15.20 -81.84
15.10 -81.10
15.00 -80.36
14.90 -79.56
14.80 -78.77
14.70 -77.98
14.60 -77.19
14.50 -76.40
14.40 -75.61
14.30 -74.81
14.20 -74.02
14.10 -73.23
14.00 -72.44
13.90 -71.61
13.80 -70.79
13.70 -69.96
13.60 -69.14
13.50 -68.31
13.40 -67.49
13.30 -66.66
13.20 -65.83
13.10 -65.01
13.00 -64.18
12.90 -63.35
12.80 -62.51
12.70 -61.67
12.60 -60.84
12.50 -60.00
12.40 -59.16
12.30 -58.33
12.20 -57.49
12.10 -56.65
12.00 -55.82
11.90 -54.99
11.80 -54.17
11.70 -53.34
11.60 -52.51
11.50 -51.69
11.40 -50.86
11.30 -50.04
11.20 -49.21
11.10 -48.39
11.00 -47.56
10.90 -46.77
10.80 -45.98
10.70 -45.19
10.60 -44.39
10.50 -43.60
10.40 -42.81
10.30 -42.02
10.20 -41.23
10.10 -40.44
10.00 -39.64
9.90 -38.90
9.80 -38.16
9.70 -37.43
9.60 -36.69
9.50 -35.95
9.40 -35.21
9.30 -34.47
9.20 -33.73
9.10 -32.99
9.00 -32.25
8.90 -31.58
8.80 -30.91
8.70 -30.24
8.60 -29.57
8.50 -28.89
8.40 -28.22
8.30 -27.55
8.20 -26.88
8.10 -26.21
8.00 -25.54
7.90 -24.95
7.80 -24.35
7.70 -23.76
7.60 -23.17
7.50 -22.57
7.40 -21.98
7.30 -21.39
7.20 -20.80
7.10 -20.20
7.00 -19.61
6.90 -19.10
6.80 -18.59
6.70 -18.09
6.60 -17.58
6.50 -17.07
6.40 -16.56
6.30 -16.05
6.20 -15.54
6.10 -15.04
6.00 -14.53
5.90 -14.10
5.80 -13.68
5.70 -13.26
5.60 -12.84
5.50 -12.41
5.40 -11.99
5.30 -11.57
5.20 -11.15
5.10 -10.72
5.00 -10.30
4.90 -9.96
4.80 -9.62
4.70 -9.29
4.60 -8.95
4.50 -8.61
4.40 -8.27
4.30 -7.93
4.20 -7.59
4.10 -7.25
4.00 -6.91
3.90 -6.65
3.80 -6.39
3.70 -6.13
3.60 -5.87
3.50 -5.61
3.40 -5.35
3.30 -5.09
3.20 -4.83
3.10 -4.57
3.00 -4.31
2.90 -4.13
2.80 -3.94
2.70 -3.75
2.60 -3.56
2.50 -3.38
2.40 -3.19
2.30 -3.00
2.20 -2.81
2.10 -2.63
2.00 -2.44
1.90 -2.31
1.80 -2.19
1.70 -2.07
1.60 -1.95
1.50 -1.82
1.40 -1.70
1.30 -1.58
1.20 -1.45
1.10 -1.33
1.00 -1.21
0.90 -1.14
0.80 -1.08
0.70 -1.01
0.60 -0.94
0.50 -0.88
0.40 -0.81
0.30 -0.74
0.20 -0.68
0.10 -0.61
-0.00 -0.55
