1000	-52.721
999	-46.845
998	-42.428
997	-39.949
996	-39.125
995	-39.540
994	-40.753
993	-42.858
992	-45.604
991	-48.621
990	-52.184
989	-56.223
988	-60.581
987	-64.717
986	-67.251
985	-67.731
984	-66.738
983	-63.416
982	-57.219
981	-49.868
980	-42.921
979	-37.933
978	-35.122
977	-33.947
976	-33.978
975	-34.857
974	-36.499
973	-39.274
972	-43.082
971	-47.806
970	-53.388
969	-59.744
968	-66.957
967	-74.278
966	-81.708
965	-88.413
964	-92.828
963	-93.553
962	-90.018
961	-81.368
960	-69.449
959	-54.606
958	-40.086
957	-26.526
956	-16.937
955	-11.876
954	-8.657
953	-6.680
952	-6.109
951	-5.986
950	-6.128
949	-7.278
948	-8.369
947	-9.556
946	-10.549
945	-11.429
944	-12.304
943	-13.126
942	-14.615
941	-17.672
940	-20.442
939	-22.494
938	-24.815
937	-27.681
936	-30.439
935	-33.066
934	-35.924
933	-39.083
932	-42.541
931	-46.530
930	-51.142
929	-56.474
928	-62.582
927	-68.815
926	-73.950
925	-77.806
924	-81.024
923	-84.010
922	-85.982
921	-87.025
920	-87.022
919	-84.414
918	-79.274
917	-71.811
916	-64.463
915	-59.058
914	-56.374
913	-55.402
912	-54.426
911	-52.889
910	-51.284
909	-49.831
908	-49.480
907	-50.814
906	-52.145
905	-53.372
904	-54.405
903	-55.460
902	-57.307
901	-59.942
900	-63.009
899	-66.305
898	-70.341
897	-74.758
896	-78.896
895	-81.790
894	-83.412
893	-84.051
892	-84.265
891	-84.763
890	-85.259
889	-85.662
888	-85.832
887	-85.955
886	-85.822
885	-85.579
884	-85.095
883	-85.247
882	-87.018
881	-90.241
880	-93.685
879	-96.308
878	-99.185
877	-101.530
876	-103.390
875	-105.250
874	-106.290
873	-106.120
872	-105.160
871	-102.610
870	-97.664
869	-90.049
868	-81.522
867	-71.482
866	-57.909
865	-42.413
864	-34.024
863	-28.847
862	-24.989
861	-22.815
860	-20.728
859	-17.784
858	-15.893
857	-15.528
856	-16.198
855	-16.694
854	-17.575
853	-18.810
852	-19.321
851	-19.190
850	-19.115
849	-19.185
848	-19.151
847	-19.035
846	-18.955
845	-19.066
844	-19.335
843	-20.184
842	-22.213
841	-25.419
840	-29.181
839	-32.613
838	-35.726
837	-37.654
836	-39.199
835	-41.229
834	-43.699
833	-46.347
832	-48.589
831	-49.835
830	-50.078
829	-49.013
828	-48.081
827	-48.148
826	-47.888
825	-47.149
824	-45.888
823	-43.732
822	-42.100
821	-41.402
820	-41.336
819	-41.421
818	-42.266
817	-43.855
816	-46.356
815	-49.717
814	-54.641
813	-60.291
812	-65.267
811	-69.245
810	-72.667
809	-75.491
808	-78.322
807	-81.092
806	-83.427
805	-85.246
804	-87.709
803	-90.743
802	-93.523
801	-96.093
800	-98.632
799	-100.550
798	-102.490
797	-103.240
796	-103.520
795	-103.430
794	-100.110
793	-92.967
792	-84.774
791	-75.286
790	-63.783
789	-52.807
788	-42.912
787	-34.013
786	-29.172
785	-26.716
784	-25.006
783	-23.184
782	-21.584
781	-20.820
780	-20.402
779	-20.094
778	-20.369
777	-21.413
776	-22.436
775	-23.414
774	-24.824
773	-26.706
772	-28.497
771	-30.604
770	-33.268
769	-36.171
768	-39.343
767	-42.629
766	-46.396
765	-50.653
764	-54.130
763	-56.978
762	-60.234
761	-64.381
760	-68.450
759	-72.651
758	-76.945
757	-80.661
756	-83.666
755	-86.311
754	-87.629
753	-87.420
752	-87.586
751	-88.470
750	-88.785
749	-88.714
748	-88.773
747	-89.257
746	-89.576
745	-89.121
744	-86.113
743	-80.228
742	-73.648
741	-68.937
740	-66.404
739	-65.575
738	-65.296
737	-64.912
736	-64.337
735	-63.455
734	-62.091
733	-60.247
732	-59.417
731	-59.846
730	-60.799
729	-62.448
728	-64.993
727	-68.564
726	-73.271
725	-79.094
724	-85.661
723	-91.985
722	-96.835
721	-100.520
720	-103.080
719	-104.370
718	-105.070
717	-104.230
716	-100.260
715	-92.250
714	-82.918
713	-73.791
712	-65.503
711	-58.440
710	-54.556
709	-51.960
708	-50.172
707	-49.182
706	-48.134
705	-46.599
704	-45.059
703	-43.482
702	-41.171
701	-38.255
700	-35.045
699	-31.741
698	-28.468
697	-25.793
696	-23.984
695	-23.056
694	-22.570
693	-22.523
692	-22.555
691	-22.648
690	-23.495
689	-25.644
688	-29.376
687	-35.524
686	-41.128
685	-46.097
684	-51.370
683	-56.421
682	-60.660
681	-64.564
680	-68.669
679	-72.589
678	-76.299
677	-79.735
676	-81.611
675	-82.619
674	-83.199
673	-82.737
672	-81.566
671	-80.482
670	-80.940
669	-82.200
668	-83.324
667	-84.637
666	-86.006
665	-87.771
664	-90.993
663	-95.484
662	-99.089
661	-101.540
660	-103.160
659	-102.260
658	-101.130
657	-99.122
656	-97.628
655	-97.680
654	-98.853
653	-100.490
652	-101.450
651	-101.910
650	-102.100
649	-102.510
648	-102.830
647	-103.050
646	-103.120
645	-103.120
644	-103.480
643	-104.570
642	-106.910
641	-110.140
640	-112.470
639	-114.050
638	-115.790
637	-117.480
636	-119.140
635	-120.900
634	-122.620
633	-123.960
632	-125.800
631	-127.320
630	-127.530
629	-126.250
628	-123.740
627	-119.630
626	-114.300
625	-107.640
624	-99.387
623	-89.968
622	-81.105
621	-71.687
620	-61.448
619	-51.459
618	-42.762
617	-36.323
616	-32.216
615	-29.687
614	-28.103
613	-27.063
612	-26.326
611	-26.022
610	-26.807
609	-28.343
608	-30.162
607	-31.676
606	-32.556
605	-32.896
604	-33.329
603	-34.448
602	-35.784
601	-37.017
600	-37.823
599	-38.302
598	-38.272
597	-38.078
596	-38.472
595	-39.365
594	-41.156
593	-43.423
592	-46.504
591	-49.985
590	-53.419
589	-57.161
588	-60.107
587	-62.641
586	-66.163
585	-68.704
584	-70.228
583	-69.999
582	-64.928
581	-53.522
580	-40.329
579	-30.839
578	-22.723
577	-17.886
576	-15.628
575	-15.144
574	-15.006
573	-15.522
572	-18.683
571	-21.257
570	-24.412
569	-30.642
568	-36.380
567	-40.396
566	-44.500
565	-48.762
564	-52.916
563	-56.562
562	-60.258
561	-63.033
560	-64.985
559	-67.255
558	-69.881
557	-72.659
556	-74.502
555	-75.493
554	-77.483
553	-79.614
552	-82.021
551	-84.685
550	-86.774
549	-88.641
548	-90.456
547	-91.811
546	-91.986
545	-91.100
544	-90.473
543	-89.493
542	-88.805
541	-89.332
540	-89.524
539	-89.350
538	-88.870
537	-87.924
536	-85.401
535	-80.788
534	-74.773
533	-66.257
532	-59.143
531	-54.038
530	-50.736
529	-48.331
528	-47.340
527	-46.922
526	-46.341
525	-45.820
524	-45.756
523	-45.691
522	-45.837
521	-46.642
520	-48.041
519	-50.024
518	-51.421
517	-53.213
516	-55.914
515	-58.438
514	-62.097
513	-65.531
512	-67.371
511	-68.705
510	-69.001
509	-68.453
508	-65.955
507	-62.032
506	-57.412
505	-51.826
504	-47.796
503	-44.259
502	-41.930
501	-40.572
500	-39.706
499	-39.516
498	-39.020
497	-38.931
496	-39.536
495	-39.778
494	-39.612
493	-38.204
492	-34.278
491	-31.262
490	-29.680
489	-28.826
488	-28.590
487	-28.791
486	-29.062
485	-29.351
484	-30.576
483	-32.785
482	-35.775
481	-39.629
480	-43.395
479	-48.550
478	-54.349
477	-60.552
476	-67.041
475	-73.104
474	-78.034
473	-81.534
472	-83.811
471	-84.448
470	-85.161
469	-85.031
468	-85.186
467	-85.790
466	-86.083
465	-86.424
464	-87.922
463	-88.828
462	-88.970
461	-89.721
460	-90.403
459	-90.529
458	-91.226
457	-91.914
456	-91.463
455	-91.716
454	-92.143
453	-93.199
452	-94.570
451	-96.240
450	-98.348
449	-99.287
448	-99.644
447	-101.210
446	-103.550
445	-105.070
444	-108.070
443	-110.450
442	-111.360
441	-112.010
440	-113.290
439	-114.090
438	-115.560
437	-119.130
436	-122.380
435	-124.860
434	-126.430
433	-126.960
430	-96.821
430	-95.994
430	-95.148
430	-94.302
429	-93.475
429	-92.647
429	-91.801
429	-90.955
429	-90.128
429	-89.301
429	-88.455
429	-87.609
428	-86.782
428	-85.955
428	-85.109
428	-84.263
428	-83.436
428	-82.590
428	-81.744
428	-80.898
427	-80.071
427	-79.225
427	-78.379
427	-77.551
427	-76.724
427	-75.878
427	-75.032
427	-74.205
426	-73.378
426	-72.532
426	-71.686
426	-70.859
426	-70.032
426	-69.186
426	-68.358
426	-67.512
426	-66.685
426	-65.839
425	-64.993
425	-64.147
425	-63.320
425	-62.474
425	-61.628
425	-60.782
425	-59.936
425	-59.090
425	-58.244
425	-57.398
425	-56.552
424	-55.706
424	-54.860
424	-54.033
424	-53.206
424	-52.379
424	-51.552
423	-50.743
423	-49.935
423	-49.127
423	-48.318
422	-47.510
422	-46.702
422	-45.893
422	-45.085
421	-44.277
421	-43.468
421	-42.641
421	-41.795
421	-40.949
421	-40.122
421	-39.276
421	-38.449
420	-37.603
420	-36.757
420	-35.911
420	-35.065
420	-34.238
420	-33.392
420	-32.564
420	-31.718
420	-30.872
420	-30.045
419	-29.199
419	-28.372
419	-27.545
419	-26.718
419	-25.891
419	-25.082
418	-24.255
418	-23.428
418	-22.601
418	-21.793
417	-20.965
417	-20.138
417	-19.330
417	-18.503
417	-17.676
416	-16.849
416	-16.021
416	-15.194
416	-14.367
416	-13.540
416	-12.694
416	-11.867
415	-11.040
415	-10.212
415	-9.366
415	-8.520
415	-7.674
415	-6.847
415	-6.020
414	-5.193
414	-4.347
414	-3.501
414	-2.693
414	-1.941
413	-1.226
413	-0.493
412	0.221
412	0.935
411	1.668
411	2.401
411	3.134
410	3.867
410	4.582
409	5.221
409	5.653
408	5.803
407	5.765
406	5.614
405	5.332
404	4.993
404	4.918
403	5.557
402	6.177
402	6.835
401	7.511
401	7.511
400	6.872
400	6.232
399	5.574
399	4.916
398	4.276
398	3.618
397	2.979
397	2.377
396	1.775
396	1.155
395	0.534
394	-0.087
394	-0.764
393	-1.497
393	-2.268
393	-3.020
392	-3.772
392	-4.525
391	-5.277
391	-5.935
390	-6.386
390	-6.556
389	-6.631
388	-6.839
387	-7.346
387	-8.099
387	-8.945
387	-9.772
386	-10.580
386	-11.408
386	-12.216
386	-13.025
385	-13.833
385	-14.585
385	-15.281
384	-15.921
384	-16.579
383	-17.237
382	-17.914
382	-18.629
382	-19.400
381	-20.208
381	-21.017
381	-21.825
381	-22.634
380	-23.367
380	-23.931
379	-24.232
378	-24.346
377	-24.459
376	-24.722
376	-25.286
376	-26.039
375	-26.847
375	-27.618
374	-28.389
374	-29.160
374	-29.931
374	-30.739
373	-31.529
373	-32.300
373	-33.090
372	-33.880
372	-34.669
372	-35.459
371	-36.230
371	-37.020
371	-37.791
370	-38.599
370	-39.408
370	-40.235
370	-41.006
369	-41.420
369	-41.627
369	-41.382
368	-41.119
367	-40.951
366	-41.101
366	-41.571
365	-42.305
365	-43.151
365	-43.997
365	-44.806
364	-45.614
364	-46.441
364	-47.269
364	-48.077
364	-48.904
363	-49.694
363	-50.446
362	-51.180
362	-51.913
362	-52.571
361	-53.060
360	-53.343
359	-53.550
359	-53.926
358	-54.603
358	-55.449
358	-56.314
358	-57.141
358	-57.969
358	-58.796
357	-59.623
357	-60.450
357	-61.259
357	-62.067
356	-62.857
356	-63.666
356	-64.474
356	-65.283
356	-66.072
355	-66.881
355	-67.689
355	-68.498
355	-69.306
354	-70.115
354	-70.942
354	-71.770
354	-72.616
354	-73.462
354	-74.308
353	-75.135
353	-75.962
353	-76.808
353	-77.636
353	-78.463
353	-79.290
353	-80.117
352	-80.945
352	-81.772
352	-81.791
352	-83.257
352	-84.066
351	-82.600
351	-81.772
351	-80.945
351	-80.118
351	-79.291
351	-78.464
350	-77.637
350	-76.809
350	-75.982
350	-75.193
349	-74.065
349	-74.554
349	-74.911
349	-75.757
349	-76.603
349	-77.449
349	-78.295
349	-79.141
349	-79.987
349	-80.833
349	-81.679
349	-82.525
349	-83.371
349	-84.218
348	-85.064
348	-85.910
348	-86.756
348	-87.602
348	-88.448
348	-89.294
348	-90.140
348	-90.986
348	-91.832
348	-92.678
348	-93.524
348	-94.370
348	-95.216
348	-96.062
348	-96.908
348	-97.754
348	-98.600
347	-99.446
347	-100.274
347	-101.120
347	-101.947
347	-102.793
347	-103.639
347	-104.485
347	-105.331
347	-106.177
347	-107.023
347	-107.851
346	-108.697
346	-109.524
346	-110.370
346	-111.216
346	-112.062
346	-112.908
346	-113.754
346	-114.600
346	-115.446
345	-116.292
345	-117.120
345	-117.947
345	-118.793
345	-119.639
345	-120.485
345	-121.312
344	-122.121
344	-122.929
344	-123.682
343	-124.753
343	-124.302
343	-123.945
343	-123.137
343	-122.310
342	-121.482
342	-120.655
342	-119.847
342	-119.039
342	-118.211
341	-117.384
341	-116.557
341	-115.730
341	-114.903
341	-114.076
341	-113.230
341	-112.384
340	-111.557
340	-110.711
340	-109.865
340	-109.019
340	-108.173
340	-107.327
340	-106.481
340	-105.653
340	-104.807
340	-103.961
339	-103.115
339	-102.269
339	-101.442
339	-100.596
339	-99.769
339	-98.923
339	-98.077
339	-97.231
339	-96.385
339	-95.558
338	-94.712
338	-93.866
338	-93.020
338	-92.174
338	-91.328
338	-90.482
338	-89.636
338	-88.790
338	-87.944
338	-87.098
338	-86.252
338	-85.406
338	-84.560
338	-83.714
338	-82.868
338	-82.022
338	-81.176
338	-80.330
338	-79.484
337	-78.638
337	-77.792
337	-76.946
337	-76.100
337	-75.254
337	-74.408
337	-73.562
337	-72.716
337	-71.870
337	-71.024
337	-70.178
337	-69.332
337	-68.486
337	-67.640
337	-66.794
337	-65.948
337	-65.102
337	-64.256
337	-63.410
337	-62.564
337	-61.718
336	-60.872
336	-60.026
336	-59.180
336	-58.334
336	-57.488
336	-56.642
336	-55.796
336	-54.950
336	-54.104
336	-53.258
336	-52.412
336	-51.566
336	-50.720
336	-49.874
336	-49.028
336	-48.182
336	-47.336
336	-46.490
336	-45.644
336	-44.798
336	-43.952
335	-43.106
335	-42.260
335	-41.414
335	-40.568
335	-39.722
335	-38.876
335	-38.030
335	-37.184
335	-36.338
335	-35.492
335	-34.646
335	-33.800
335	-32.954
335	-32.108
335	-31.262
335	-30.416
335	-29.570
335	-28.724
335	-27.878
335	-27.032
335	-26.186
334	-25.340
334	-24.494
334	-23.666
334	-22.820
334	-21.993
334	-21.147
334	-20.320
334	-19.474
334	-18.647
334	-17.801
334	-16.955
334	-16.109
334	-15.263
333	-14.417
333	-13.571
333	-12.725
333	-11.879
333	-11.033
333	-10.187
333	-9.360
333	-8.514
333	-7.686
333	-6.840
333	-5.994
333	-5.148
333	-4.302
332	-3.457
332	-2.611
332	-1.765
332	-0.919
332	-0.073
332	0.773
332	1.582
332	2.371
331	3.180
331	3.950
330	4.552
330	4.721
329	4.344
328	3.649
328	2.915
327	2.219
327	1.505
327	0.771
326	0.057
326	-0.639
325	-1.354
325	-2.106
324	-2.839
324	-3.572
324	-4.325
323	-5.058
323	-5.810
322	-6.619
322	-7.446
322	-8.273
322	-9.101
322	-9.928
322	-10.755
322	-11.582
321	-12.410
321	-13.237
321	-14.083
321	-14.929
321	-15.775
321	-16.602
321	-17.449
321	-18.295
320	-19.141
320	-20.006
320	-20.833
320	-21.510
319	-21.924
318	-21.980
318	-21.717
317	-21.172
316	-20.477
316	-19.763
315	-19.049
315	-18.315
315	-17.564
314	-16.849
314	-16.229
313	-15.929
312	-16.098
312	-16.644
311	-17.396
311	-18.204
310	-19.013
310	-19.803
310	-20.611
310	-21.401
309	-22.209
309	-23.037
309	-23.864
309	-24.691
309	-25.537
309	-26.383
308	-27.211
308	-27.925
308	-28.377
307	-28.527
306	-28.546
305	-28.716
304	-29.130
304	-29.732
303	-30.484
303	-31.330
303	-32.176
303	-33.022
303	-33.868
303	-34.714
303	-35.541
303	-36.369
303	-37.215
302	-38.061
302	-38.888
302	-39.715
302	-40.561
302	-41.389
302	-42.216
302	-43.043
301	-43.870
301	-44.698
301	-45.544
301	-46.371
301	-47.198
301	-48.026
301	-48.853
300	-49.680
300	-50.508
300	-51.354
300	-52.181
300	-53.008
300	-53.835
300	-54.663
299	-55.490
299	-56.299
299	-57.126
299	-57.972
298	-58.743
298	-59.288
298	-59.288
298	-58.818
297	-58.104
297	-57.315
296	-56.525
296	-55.754
296	-54.946
296	-54.138
295	-53.329
295	-52.521
295	-51.713
295	-50.904
294	-50.096
294	-49.288
294	-48.480
293	-47.671
293	-46.863
293	-46.055
293	-45.246
292	-44.438
292	-43.611
292	-42.784
292	-41.938
292	-41.092
292	-40.264
292	-39.418
292	-38.572
292	-37.745
291	-36.899
291	-36.072
291	-35.226
291	-34.380
291	-33.553
291	-32.707
291	-31.861
291	-31.034
291	-30.188
290	-29.361
290	-28.515
290	-27.669
290	-26.823
290	-25.977
290	-25.131
290	-24.304
290	-23.458
290	-22.630
289	-21.803
289	-20.976
289	-20.149
289	-19.303
289	-18.457
289	-17.630
289	-16.821
288	-16.182
287	-15.506
287	-15.393
286	-16.070
286	-16.766
285	-17.405
285	-17.932
284	-18.459
284	-19.173
284	-20.000
284	-20.865
284	-21.711
284	-22.557
283	-23.403
283	-24.250
283	-25.096
283	-25.942
283	-26.788
283	-27.634
283	-28.480
283	-29.326
283	-30.172
283	-31.018
283	-31.864
283	-32.691
282	-33.537
282	-34.383
282	-35.229
282	-36.075
282	-36.922
282	-37.768
282	-38.614
282	-39.460
282	-40.306
282	-41.133
282	-41.979
281	-42.825
281	-43.652
281	-44.499
281	-45.345
281	-46.172
281	-47.018
281	-47.864
281	-48.691
281	-49.519
280	-50.365
280	-51.192
280	-52.019
280	-52.865
280	-53.692
280	-54.520
280	-55.366
280	-56.212
279	-57.039
279	-57.885
279	-58.731
279	-59.559
279	-60.405
279	-61.251
279	-62.078
279	-62.924
279	-63.770
278	-64.579
278	-65.387
278	-66.196
278	-67.004
277	-67.813
277	-68.621
277	-69.448
277	-70.257
277	-71.253
276	-71.047
276	-70.483
276	-69.674
276	-68.885
275	-68.114
275	-67.325
275	-66.479
275	-66.554
274	-67.193
274	-67.983
274	-68.773
274	-69.581
273	-70.409
273	-71.236
273	-72.063
273	-72.909
273	-73.755
273	-74.583
273	-75.410
273	-76.256
272	-77.102
272	-77.929
272	-78.756
272	-79.603
272	-80.430
272	-81.257
272	-82.103
272	-82.949
271	-83.795
271	-84.623
271	-85.450
271	-86.296
271	-87.123
271	-87.950
271	-88.778
271	-89.624
270	-90.470
270	-91.335
270	-92.200
270	-92.952
269	-93.403
269	-93.479
268	-92.708
268	-91.937
268	-91.110
267	-90.415
266	-89.795
266	-90.039
266	-90.415
265	-91.017
265	-91.544
264	-92.127
263	-92.146
263	-91.356
263	-90.586
262	-89.815
262	-89.044
262	-88.311
261	-87.597
261	-86.883
260	-86.187
260	-85.492
259	-84.777
259	-84.683
259	-85.116
258	-85.774
258	-86.620
258	-87.466
258	-88.313
258	-89.140
257	-89.967
257	-90.794
257	-90.945
256	-90.795
256	-90.193
255	-89.648
255	-88.821
255	-88.972
254	-89.310
253	-89.987
253	-90.758
253	-91.567
253	-93.221
253	-94.049
253	-92.375
253	-94.895
252	-95.741
252	-96.587
252	-97.433
252	-98.279
252	-99.125
252	-99.971
252	-100.817
252	-101.644
252	-102.472
251	-103.318
251	-104.183
251	-104.991
251	-105.706
250	-106.383
250	-106.928
249	-107.229
248	-106.477
248	-105.744
248	-104.992
247	-104.203
247	-103.357
247	-102.511
247	-101.684
247	-100.857
247	-100.011
247	-99.183
246	-98.356
246	-97.510
246	-96.664
246	-95.837
246	-95.010
246	-94.164
246	-93.318
246	-92.472
246	-91.626
246	-90.780
245	-89.934
245	-89.088
245	-88.242
245	-87.396
245	-86.550
245	-85.704
245	-84.858
245	-84.012
245	-83.166
245	-82.320
245	-81.474
245	-80.628
245	-79.782
244	-78.955
244	-78.109
244	-77.282
244	-76.436
244	-75.609
244	-74.763
244	-73.935
244	-73.089
244	-72.243
244	-71.397
244	-70.551
244	-69.705
244	-68.859
243	-68.013
243	-67.167
243	-66.321
243	-65.475
243	-64.629
243	-63.783
243	-62.937
243	-62.091
243	-61.245
243	-60.399
243	-59.553
243	-58.707
243	-57.861
243	-57.015
243	-56.169
243	-55.323
243	-54.477
242	-53.631
242	-52.785
242	-51.939
242	-51.093
242	-50.247
242	-49.401
242	-48.555
242	-47.709
242	-46.863
242	-46.017
242	-45.171
242	-44.325
242	-43.479
242	-42.633
242	-41.787
242	-40.941
241	-40.095
241	-39.268
241	-38.441
241	-37.614
241	-36.787
241	-35.941
241	-35.114
240	-34.268
240	-33.440
240	-32.613
240	-31.786
240	-30.959
240	-30.113
240	-29.267
239	-28.440
239	-27.613
239	-26.785
239	-25.958
239	-25.131
238	-24.323
238	-23.496
238	-22.669
238	-21.860
238	-21.033
237	-20.225
237	-19.416
237	-18.589
237	-17.762
237	-16.935
237	-16.089
236	-15.262
236	-14.435
236	-13.607
236	-12.761
236	-11.878
236	-11.107
235	-9.641
235	-10.412
235	-10.637
235	-11.183
234	-11.972
234	-12.781
234	-13.608
234	-14.454
234	-15.300
234	-16.146
234	-16.974
233	-17.820
233	-18.666
233	-19.512
233	-20.339
233	-21.166
233	-22.012
233	-22.840
233	-23.686
233	-24.532
233	-25.378
233	-26.224
233	-27.070
232	-27.916
232	-28.762
232	-29.608
232	-30.454
232	-31.300
232	-32.146
232	-32.992
232	-33.838
232	-34.684
232	-35.530
232	-36.376
232	-37.222
232	-38.068
232	-38.915
232	-39.761
232	-40.607
232	-41.453
232	-42.299
232	-43.145
231	-43.991
231	-44.837
231	-45.683
231	-46.529
231	-47.375
231	-48.221
231	-49.067
231	-49.913
231	-50.759
231	-51.605
231	-52.451
231	-53.297
231	-54.143
231	-54.989
231	-55.835
231	-56.682
230	-57.528
230	-58.374
230	-59.220
230	-60.066
230	-60.874
230	-61.645
229	-62.416
229	-63.206
229	-63.977
228	-64.748
228	-65.537
228	-66.365
228	-67.192
228	-68.038
228	-68.865
228	-69.711
228	-70.557
227	-71.403
227	-72.250
227	-73.096
227	-73.942
227	-74.769
227	-75.615
227	-76.442
227	-77.288
227	-78.116
226	-79.601
226	-78.793
226	-80.428
226	-78.793
226	-77.947
226	-77.101
226	-76.255
226	-75.409
226	-74.563
226	-73.717
226	-72.871
226	-72.025
226	-71.179
226	-70.333
226	-69.487
225	-68.641
225	-67.795
225	-66.949
225	-66.103
225	-65.257
225	-64.411
225	-63.565
225	-62.719
225	-61.873
225	-61.027
225	-60.181
225	-59.335
225	-58.489
225	-57.643
225	-56.797
225	-55.951
225	-55.105
224	-54.259
224	-53.413
224	-52.567
224	-51.721
224	-50.875
224	-50.029
224	-49.183
224	-48.337
224	-47.491
224	-46.645
224	-45.799
224	-44.953
224	-44.107
223	-43.279
223	-42.433
223	-41.606
223	-40.760
223	-39.914
223	-39.068
223	-38.222
223	-37.376
223	-36.530
223	-35.684
223	-34.838
223	-33.992
222	-33.146
222	-32.319
222	-31.473
222	-30.646
222	-29.800
222	-28.954
222	-28.108
222	-27.281
222	-26.435
222	-25.608
222	-24.762
222	-23.916
222	-23.070
221	-22.224
221	-21.378
221	-20.550
221	-19.723
221	-18.896
221	-18.069
221	-17.242
220	-16.415
220	-15.587
220	-14.760
220	-13.933
220	-13.106
220	-12.279
219	-11.452
219	-10.624
219	-9.797
219	-8.970
219	-8.199
218	-7.485
218	-6.771
217	-6.019
217	-5.286
216	-4.647
216	-4.196
215	-3.952
214	-3.915
213	-4.159
213	-4.667
212	-5.307
211	-5.927
211	-6.529
210	-7.131
210	-7.733
209	-8.335
208	-8.955
208	-9.576
207	-10.197
207	-10.817
206	-11.438
206	-12.058
205	-12.735
205	-13.450
204	-14.146
204	-14.842
203	-15.556
203	-16.290
203	-17.098
203	-17.944
203	-18.790
202	-19.636
202	-20.482
202	-21.328
202	-22.174
202	-23.020
202	-23.866
202	-24.637
201	-25.314
201	-25.897
201	-25.935
200	-25.409
200	-24.751
199	-23.999
199	-23.210
199	-22.364
199	-21.518
199	-20.690
199	-19.845
198	-18.999
198	-18.171
198	-17.325
198	-16.479
198	-15.652
198	-14.806
198	-13.979
198	-13.152
197	-12.325
197	-11.479
197	-10.670
197	-9.242
197	-10.031
196	-10.802
196	-11.554
196	-12.325
195	-13.115
195	-13.924
195	-14.713
194	-15.503
194	-16.293
194	-17.083
194	-17.891
193	-18.681
193	-19.489
193	-20.279
192	-21.088
192	-21.896
192	-22.686
192	-23.494
191	-24.303
191	-25.130
191	-25.976
191	-26.822
191	-27.668
191	-28.514
191	-29.360
191	-30.206
191	-31.053
191	-31.899
191	-32.745
191	-33.591
191	-34.437
190	-35.283
190	-36.129
190	-36.956
190	-37.802
190	-38.648
190	-39.494
190	-40.340
190	-41.186
190	-42.032
190	-42.878
190	-43.725
190	-44.571
189	-45.417
189	-46.263
189	-47.109
189	-47.936
189	-48.782
189	-49.609
189	-50.455
189	-51.301
189	-52.129
189	-52.975
189	-53.802
188	-54.648
188	-55.494
188	-56.321
188	-57.167
188	-57.995
188	-58.822
188	-59.668
188	-60.495
188	-61.341
188	-62.187
187	-63.015
187	-63.861
187	-64.688
187	-66.343
187	-65.497
187	-67.170
187	-68.016
187	-68.843
187	-69.689
186	-70.535
186	-71.363
186	-72.209
186	-73.055
186	-73.901
186	-74.747
186	-75.574
186	-76.420
186	-77.266
185	-78.093
185	-78.883
185	-79.654
184	-80.425
184	-81.196
184	-81.967
183	-82.738
183	-83.509
183	-84.280
182	-85.032
182	-85.709
182	-85.822
181	-85.352
181	-84.638
181	-83.792
181	-82.965
180	-82.156
180	-81.329
180	-80.502
180	-79.675
180	-78.848
180	-78.020
179	-77.193
179	-76.366
179	-75.539
179	-74.712
179	-73.885
179	-73.057
178	-72.230
178	-71.460
178	-70.727
177	-69.975
177	-69.223
176	-68.565
176	-68.039
176	-68.170
176	-68.829
175	-69.637
175	-70.446
175	-71.235
174	-72.044
174	-72.852
174	-73.623
174	-74.413
173	-75.240
173	-76.068
173	-76.763
172	-77.892
172	-77.083
172	-77.102
172	-76.294
171	-75.485
171	-74.696
171	-73.906
171	-73.079
170	-72.252
170	-71.425
170	-70.579
170	-69.752
170	-68.925
170	-68.097
170	-67.251
170	-66.406
169	-65.578
169	-64.732
169	-63.886
169	-63.040
169	-62.194
169	-61.348
169	-60.502
169	-59.656
169	-58.810
169	-57.964
168	-57.118
168	-56.291
168	-55.502
168	-54.712
167	-53.904
167	-53.114
167	-52.325
167	-51.517
166	-50.859
166	-50.727
166	-51.310
165	-52.081
165	-52.965
165	-53.811
165	-54.638
165	-55.484
165	-56.311
165	-57.157
165	-58.003
165	-58.831
165	-59.677
164	-60.523
164	-61.350
164	-62.196
164	-63.042
164	-63.870
164	-64.716
164	-65.543
164	-66.370
164	-67.216
164	-68.043
163	-68.889
163	-69.717
163	-70.563
163	-71.409
163	-72.255
163	-73.082
163	-73.928
163	-74.755
163	-75.602
163	-76.448
163	-77.275
162	-78.008
162	-78.648
161	-79.231
161	-79.851
160	-80.585
160	-81.412
160	-82.258
160	-83.085
160	-83.913
159	-84.740
159	-85.586
159	-86.413
159	-87.240
159	-88.914
159	-88.068
159	-87.316
159	-86.583
158	-85.812
158	-84.966
158	-84.139
158	-83.312
158	-82.484
158	-81.638
158	-80.792
157	-79.965
157	-79.589
157	-78.781
157	-79.195
157	-80.379
157	-77.954
157	-81.206
157	-82.052
157	-82.898
156	-83.726
156	-84.553
156	-85.380
156	-86.208
156	-87.035
156	-87.862
155	-88.689
155	-89.517
155	-90.344
155	-91.153
155	-91.961
154	-92.788
154	-93.616
154	-94.443
154	-95.270
154	-96.116
154	-96.962
154	-97.808
154	-98.654
154	-99.500
153	-100.347
153	-101.193
153	-102.039
153	-102.885
153	-103.731
153	-104.577
153	-105.423
153	-106.269
153	-107.115
153	-107.961
153	-108.807
153	-109.653
153	-110.499
153	-111.345
153	-112.172
153	-113.018
152	-113.846
152	-114.692
152	-115.538
152	-116.384
152	-117.211
152	-117.982
151	-118.753
151	-119.524
151	-120.107
150	-120.201
150	-119.618
149	-119.092
149	-118.510
148	-117.814
148	-117.025
148	-116.179
148	-115.333
148	-114.487
148	-113.659
147	-112.814
147	-111.968
147	-111.122
147	-110.294
147	-109.448
147	-108.602
147	-107.775
147	-106.948
146	-106.102
146	-105.294
146	-104.617
145	-104.016
144	-103.602
144	-103.076
144	-103.622
143	-103.753
143	-104.430
143	-105.164
142	-105.953
142	-106.799
142	-107.645
142	-108.473
142	-109.300
142	-110.127
141	-110.955
141	-111.801
141	-112.628
141	-113.474
141	-114.301
141	-115.128
141	-115.937
140	-116.783
140	-117.610
140	-118.438
140	-119.265
140	-120.073
139	-120.901
139	-121.728
139	-122.555
139	-123.383
139	-124.210
138	-125.037
138	-125.846
138	-126.617
138	-127.406
137	-128.196
137	-128.967
137	-129.832
137	-129.700
136	-129.024
136	-128.272
136	-127.482
135	-126.655
135	-125.809
135	-124.982
135	-124.136
135	-123.290
135	-122.444
135	-121.598
135	-120.752
135	-119.906
135	-119.060
135	-118.214
135	-117.368
135	-116.522
135	-115.676
135	-114.830
135	-113.984
135	-113.138
135	-112.292
134	-111.446
134	-110.600
134	-109.754
134	-108.908
134	-108.062
134	-107.216
134	-106.370
134	-105.524
134	-104.678
134	-103.832
134	-102.986
134	-102.140
134	-101.294
134	-100.448
134	-99.602
134	-98.756
134	-97.910
134	-97.064
134	-96.218
134	-95.372
134	-94.526
134	-93.680
133	-92.834
133	-91.988
133	-91.142
133	-90.296
133	-89.450
133	-88.604
133	-87.758
133	-86.912
133	-86.066
133	-85.220
133	-84.374
133	-83.528
133	-82.682
133	-81.836
133	-80.990
133	-80.144
133	-79.298
133	-78.452
133	-77.606
133	-76.760
133	-75.914
133	-75.068
133	-74.222
132	-73.376
132	-72.530
132	-71.684
132	-70.838
132	-69.992
132	-69.146
132	-68.300
132	-67.454
132	-66.608
132	-65.762
132	-64.916
132	-64.070
132	-63.224
132	-62.378
132	-61.532
132	-59.840
132	-60.686
132	-58.994
132	-58.148
132	-57.302
132	-56.455
132	-55.609
132	-54.763
131	-53.917
131	-52.225
131	-53.071
131	-51.379
131	-50.533
131	-49.687
131	-48.841
131	-47.995
131	-47.149
131	-46.303
131	-45.457
131	-44.611
131	-43.765
131	-42.919
131	-42.073
131	-41.227
131	-40.381
131	-39.535
131	-38.689
131	-37.843
131	-36.997
131	-36.151
131	-35.305
131	-34.459
131	-33.613
131	-32.767
131	-31.921
130	-31.075
130	-30.229
130	-29.383
130	-28.537
130	-27.691
130	-26.845
130	-25.153
130	-25.999
130	-24.307
130	-23.461
130	-22.615
130	-21.769
130	-20.923
130	-20.077
130	-19.231
130	-18.385
130	-17.539
130	-16.693
130	-15.847
130	-15.001
130	-14.174
130	-13.328
129	-12.482
129	-11.636
129	-10.790
129	-9.944
129	-9.098
129	-8.252
129	-7.406
129	-6.579
129	-5.733
129	-4.887
129	-4.041
128	-3.195
128	-2.349
128	-1.503
128	-0.657
128	0.170
128	1.016
128	1.862
127	2.689
127	3.385
126	3.911
126	4.268
125	4.437
124	4.324
123	3.966
123	3.515
122	3.044
121	2.480
121	1.784
120	1.051
120	0.336
119	-0.378
119	-1.111
119	-1.845
118	-2.559
118	-3.293
117	-4.064
117	-4.872
117	-5.700
117	-6.527
117	-7.354
116	-8.181
116	-8.990
116	-9.817
116	-10.645
116	-11.453
115	-12.262
115	-13.070
115	-13.916
115	-14.762
115	-15.590
115	-16.417
114	-17.244
114	-18.071
114	-18.917
114	-19.763
114	-20.610
114	-21.437
114	-22.264
113	-23.110
113	-23.937
113	-24.784
113	-25.611
113	-26.438
113	-27.265
113	-28.111
112	-28.958
112	-29.785
112	-30.612
112	-31.439
112	-32.267
112	-33.113
112	-33.959
111	-34.786
111	-35.613
111	-36.441
111	-37.268
111	-38.114
111	-38.960
111	-39.787
110	-40.596
110	-41.348
110	-42.100
109	-42.834
109	-43.623
109	-43.435
108	-42.853
108	-42.063
108	-41.255
108	-40.446
107	-39.638
107	-38.849
107	-38.040
107	-37.232
106	-36.424
106	-35.615
106	-34.807
106	-33.999
105	-33.172
105	-32.363
105	-31.555
105	-30.747
104	-29.957
104	-29.149
104	-28.359
103	-27.570
103	-26.761
103	-25.972
103	-25.182
102	-24.374
102	-23.585
102	-22.795
101	-21.987
101	-21.141
101	-20.314
100	-19.637
100	-19.430
99	-19.750
99	-20.484
99	-21.349
98	-22.213
98	-23.022
98	-23.849
98	-24.695
97	-25.466
97	-26.087
96	-26.538
95	-26.915
95	-27.366
94	-27.987
94	-28.776
94	-29.641
94	-30.487
94	-31.315
94	-32.142
93	-32.969
93	-33.797
93	-34.624
93	-35.451
93	-36.278
92	-37.106
92	-37.933
92	-38.760
92	-39.588
92	-40.415
92	-41.242
91	-42.069
91	-42.915
91	-43.743
91	-44.589
91	-45.416
91	-46.131
90	-46.676
89	-47.109
88	-47.485
88	-47.692
87	-47.486
87	-46.809
87	-45.907
87	-45.023
86	-44.196
86	-43.369
86	-42.523
86	-41.695
86	-40.868
86	-40.041
86	-39.195
86	-38.349
85	-37.522
85	-36.676
85	-35.849
85	-35.022
85	-34.194
85	-33.367
84	-32.540
84	-31.713
84	-30.886
84	-30.059
84	-29.232
84	-28.404
83	-27.577
83	-26.750
83	-25.923
83	-25.096
83	-24.269
83	-23.441
82	-22.633
82	-21.825
82	-21.016
82	-20.227
81	-19.419
81	-18.610
81	-19.043
80	-19.663
79	-20.265
79	-20.942
79	-21.732
79	-22.578
78	-23.405
78	-24.233
78	-25.060
78	-25.887
78	-26.714
78	-27.542
77	-28.369
77	-29.196
77	-30.024
77	-30.851
77	-31.678
77	-32.505
76	-33.333
76	-34.160
76	-34.987
76	-35.815
76	-36.642
76	-37.469
75	-38.296
75	-39.124
75	-39.951
75	-40.778
75	-41.606
75	-42.433
75	-43.260
74	-44.087
74	-44.934
74	-45.761
74	-46.607
74	-47.434
74	-48.280
74	-49.126
74	-49.972
74	-50.818
73	-51.646
73	-52.492
73	-53.319
73	-54.165
73	-55.011
73	-55.838
73	-56.684
73	-57.512
73	-58.358
73	-59.204
72	-60.050
72	-60.896
72	-61.723
72	-62.550
72	-64.186
72	-63.340
72	-65.013
72	-65.841
71	-66.668
71	-67.495
71	-68.323
71	-69.169
71	-69.996
71	-70.823
71	-71.650
70	-72.478
70	-73.305
70	-74.114
70	-74.885
69	-75.655
69	-76.426
69	-77.197
68	-77.968
68	-78.739
68	-79.510
67	-80.281
67	-81.052
67	-81.861
66	-82.707
66	-83.346
65	-83.572
65	-83.422
65	-83.234
64	-82.501
64	-81.617
64	-80.752
64	-79.925
64	-79.079
64	-78.233
64	-77.406
64	-76.579
63	-75.752
63	-74.925
63	-74.097
63	-73.251
63	-72.405
63	-71.559
63	-70.713
63	-69.867
63	-69.021
62	-68.194
62	-67.348
62	-66.502
62	-65.656
62	-64.810
62	-63.983
62	-63.137
62	-62.310
62	-61.464
62	-60.618
61	-59.791
61	-58.945
61	-58.099
61	-57.253
61	-56.407
61	-55.580
61	-54.734
61	-53.906
61	-53.079
60	-52.233
60	-51.425
60	-50.071
60	-50.711
60	-50.880
60	-51.726
59	-52.572
59	-53.418
59	-54.264
59	-55.092
59	-55.900
59	-56.746
58	-57.498
58	-58.213
57	-58.927
57	-59.623
57	-60.018
56	-59.191
56	-58.364
56	-57.518
56	-56.672
56	-55.826
56	-55.018
55	-54.379
55	-53.702
54	-53.044
54	-52.706
54	-53.533
53	-54.360
53	-55.188
53	-56.015
53	-56.842
53	-57.670
53	-58.497
53	-59.324
52	-60.151
52	-60.979
52	-61.806
52	-62.633
52	-63.479
52	-64.325
52	-65.171
52	-66.017
52	-66.863
52	-67.710
51	-68.537
51	-69.308
51	-70.022
50	-70.737
50	-71.433
49	-72.147
49	-72.843
48	-73.520
48	-74.197
48	-74.197
47	-73.502
47	-72.788
46	-72.017
46	-70.983
45	-71.604
45	-71.810
45	-72.638
45	-73.465
45	-74.217
44	-74.706
43	-75.214
43	-75.233
43	-74.406
43	-73.597
42	-72.789
42	-71.962
42	-71.135
42	-70.327
41	-69.518
41	-68.691
41	-67.864
41	-67.037
41	-66.210
41	-65.382
40	-64.555
40	-63.728
40	-62.901
40	-62.074
40	-60.983
40	-61.247
39	-61.811
39	-62.600
39	-63.390
39	-64.180
38	-64.988
38	-65.816
38	-66.643
38	-67.470
38	-68.298
37	-69.125
37	-69.952
37	-70.779
37	-71.607
37	-72.434
36	-73.261
36	-74.070
36	-74.897
36	-75.724
36	-76.552
35	-77.379
35	-78.188
35	-78.996
35	-79.805
34	-80.613
34	-81.384
34	-82.023
33	-82.268
32	-81.780
31	-81.291
31	-80.840
31	-80.802
31	-81.611
30	-82.419
30	-83.228
30	-84.036
30	-84.864
30	-85.691
30	-86.518
29	-87.346
29	-88.173
29	-89.000
29	-89.827
29	-90.655
29	-91.482
28	-92.309
28	-93.137
28	-93.964
28	-94.791
28	-95.618
28	-96.446
27	-97.292
27	-98.119
27	-98.946
27	-99.774
27	-100.601
27	-101.428
27	-102.255
26	-103.083
26	-103.910
26	-104.737
26	-105.565
26	-106.392
26	-107.219
25	-108.046
25	-108.874
25	-109.701
25	-110.528
25	-111.356
24	-112.183
24	-113.010
24	-113.837
24	-114.646
24	-115.473
24	-116.282
23	-117.109
23	-117.936
23	-118.764
23	-119.591
23	-120.418
22	-121.246
22	-122.073
22	-122.900
22	-123.709
22	-124.517
21	-125.326
21	-126.115
21	-126.924
20	-127.732
20	-128.466
19	-128.955
19	-129.030
18	-128.598
18	-127.790
18	-126.906
18	-126.060
17	-125.214
17	-124.368
17	-123.522
17	-122.676
17	-121.830
17	-120.984
17	-120.138
17	-119.292
17	-118.446
17	-117.600
17	-116.773
16	-115.927
16	-115.100
16	-114.254
16	-113.408
16	-112.581
16	-111.735
16	-110.908
16	-110.062
16	-109.235
16	-108.389
16	-107.561
15	-106.715
15	-105.888
15	-105.042
15	-104.196
15	-103.350
15	-102.504
15	-101.658
15	-100.812
15	-99.985
15	-99.139
15	-98.293
15	-97.447
15	-96.601
15	-95.755
14	-94.909
14	-94.082
14	-93.236
14	-92.409
14	-91.563
14	-90.717
14	-89.871
14	-89.025
14	-88.179
14	-87.333
14	-86.487
14	-85.641
14	-84.795
14	-83.949
13	-83.103
13	-82.257
13	-81.411
13	-80.565
13	-79.719
13	-78.873
13	-78.027
13	-77.181
13	-76.335
13	-75.489
13	-74.643
13	-73.797
13	-72.951
13	-72.105
13	-71.259
13	-70.413
12	-69.567
12	-68.721
12	-67.875
12	-67.029
12	-66.183
12	-65.337
12	-64.491
12	-63.645
12	-62.799
12	-61.953
12	-61.107
12	-60.261
12	-59.415
12	-58.569
12	-57.723
12	-56.877
11	-56.031
11	-55.185
11	-54.339
11	-53.493
11	-52.647
11	-51.801
11	-50.955
11	-50.109
11	-49.263
11	-48.417
11	-47.571
11	-46.725
11	-45.879
11	-45.033
11	-44.187
11	-43.341
10	-42.495
10	-41.649
10	-40.803
10	-39.957
10	-39.111
10	-38.283
10	-37.437
10	-36.591
10	-35.745
10	-34.899
10	-34.053
10	-33.207
10	-32.361
10	-31.515
10	-30.669
9	-29.823
9	-28.977
9	-28.131
9	-27.285
9	-26.439
9	-25.594
9	-24.748
9	-23.902
9	-23.056
9	-22.228
9	-21.382
9	-20.536
9	-19.690
8	-18.844
8	-17.998
8	-17.152
8	-16.325
8	-15.479
8	-14.652
8	-13.806
8	-12.979
8	-12.133
8	-11.306
8	-10.460
8	-9.614
7	-8.786
7	-7.940
7	-7.095
7	-6.267
7	-5.440
7	-4.613
7	-3.786
6	-2.978
6	-2.169
6	-1.380
5	-0.628
5	0.086
4	0.594
3	0.894
3	1.082
2	1.270
1	1.420
0	1.438
0	0.000
