430.00 -102.78
429.90 -101.60
429.80 -100.42
429.70 -99.24
429.60 -98.06
429.50 -96.89
429.40 -95.71
429.30 -94.53
429.20 -93.35
429.10 -92.17
429.00 -91.00
428.90 -90.03
428.80 -89.06
428.70 -88.09
428.60 -87.13
428.50 -86.16
428.40 -85.19
428.30 -84.22
428.20 -83.26
428.10 -82.29
428.00 -81.32
427.90 -80.53
427.80 -79.74
427.70 -78.95
427.60 -78.16
427.50 -77.37
427.40 -76.58
427.30 -75.79
427.20 -75.00
427.10 -74.21
427.00 -73.42
426.90 -72.78
426.80 -72.15
426.70 -71.52
426.60 -70.88
426.50 -70.25
426.40 -69.61
426.30 -68.98
426.20 -68.35
426.10 -67.71
426.00 -67.08
425.90 -66.53
425.80 -65.98
425.70 -65.43
425.60 -64.88
425.50 -64.33
425.40 -63.79
425.30 -63.24
425.20 -62.69
425.10 -62.14
425.00 -61.59
424.90 -61.03
424.80 -60.46
424.70 -59.90
424.60 -59.34
424.50 -58.77
424.40 -58.21
424.30 -57.65
424.20 -57.09
424.10 -56.52
424.00 -55.96
423.90 -55.39
423.80 -54.82
423.70 -54.25
423.60 -53.68
423.50 -53.11
423.40 -52.54
423.30 -51.97
423.20 -51.40
423.10 -50.83
423.00 -50.26
422.90 -49.70
422.80 -49.13
422.70 -48.57
422.60 -48.01
422.50 -47.44
422.40 -46.88
422.30 -46.31
422.20 -45.75
422.10 -45.18
422.00 -44.62
421.90 -44.06
421.80 -43.49
421.70 -42.93
421.60 -42.36
421.50 -41.80
421.40 -41.23
421.30 -40.67
421.20 -40.10
421.10 -39.54
421.00 -38.98
420.90 -38.42
420.80 -37.87
420.70 -37.32
420.60 -36.77
420.50 -36.21
420.40 -35.66
420.30 -35.11
420.20 -34.55
420.10 -34.00
420.00 -33.45
419.90 -32.91
419.80 -32.36
419.70 -31.82
419.60 -31.28
419.50 -30.73
419.40 -30.19
419.30 -29.65
419.20 -29.11
419.10 -28.56
419.00 -28.02
418.90 -27.47
418.80 -26.93
418.70 -26.38
418.60 -25.83
418.50 -25.29
418.40 -24.74
418.30 -24.20
418.20 -23.65
418.10 -23.10
418.00 -22.56
417.90 -22.02
417.80 -21.49
417.70 -20.95
417.60 -20.42
417.50 -19.88
417.40 -19.35
417.30 -18.81
417.20 -18.28
417.10 -17.74
417.00 -17.21
416.90 -16.65
416.80 -16.10
416.70 -15.55
416.60 -15.00
416.50 -14.45
416.40 -13.90
416.30 -13.34
416.20 -12.79
416.10 -12.24
416.00 -11.69
415.90 -11.11
415.80 -10.52
415.70 -9.94
415.60 -9.36
415.50 -8.78
415.40 -8.19
415.30 -7.61
415.20 -7.03
415.10 -6.45
415.00 -5.86
414.90 -5.47
414.80 -5.08
414.70 -4.69
414.60 -4.29
414.50 -3.90
414.40 -3.51
414.30 -3.12
414.20 -2.72
414.10 -2.33
414.00 -1.94
413.90 -1.77
413.80 -1.60
413.70 -1.43
413.60 -1.26
413.50 -1.08
413.40 -0.91
413.30 -0.74
413.20 -0.57
413.10 -0.40
413.00 -0.23
412.90 -0.10
412.80 0.03
412.70 0.17
412.60 0.30
412.50 0.43
412.40 0.56
412.30 0.69
412.20 0.82
412.10 0.96
412.00 1.09
411.90 1.22
411.80 1.35
411.70 1.48
411.60 1.61
411.50 1.74
411.40 1.87
411.30 2.00
411.20 2.13
411.10 2.26
411.00 2.39
410.90 2.52
410.80 2.65
410.70 2.78
410.60 2.92
410.50 3.05
410.40 3.18
410.30 3.31
410.20 3.45
410.10 3.58
410.00 3.71
409.90 3.85
409.80 3.98
409.70 4.12
409.60 4.26
409.50 4.40
409.40 4.53
409.30 4.67
409.20 4.81
409.10 4.95
409.00 5.08
408.90 5.19
408.80 5.29
408.70 5.40
408.60 5.51
408.50 5.61
408.40 5.72
408.30 5.82
408.20 5.93
408.10 6.04
408.00 6.14
407.90 6.17
407.80 6.20
407.70 6.23
407.60 6.26
407.50 6.29
407.40 6.31
407.30 6.34
407.20 6.37
407.10 6.40
407.00 6.43
406.90 6.36
406.80 6.29
406.70 6.22
406.60 6.15
406.50 6.08
406.40 6.01
406.30 5.94
406.20 5.87
406.10 5.80
406.00 5.73
405.90 5.64
405.80 5.55
405.70 5.47
405.60 5.38
405.50 5.29
405.40 5.20
405.30 5.11
405.20 5.02
405.10 4.93
405.00 4.84
404.90 4.80
404.80 4.77
404.70 4.73
404.60 4.70
404.50 4.66
404.40 4.63
404.30 4.59
404.20 4.56
404.10 4.52
404.00 4.49
403.90 4.54
403.80 4.59
403.70 4.64
403.60 4.69
403.50 4.74
403.40 4.79
403.30 4.85
403.20 4.90
403.10 4.95
403.00 5.00
402.90 5.10
402.80 5.20
402.70 5.30
402.60 5.40
402.50 5.50
402.40 5.60
402.30 5.71
402.20 5.81
402.10 5.91
402.00 6.01
401.90 6.05
401.80 6.10
401.70 6.14
401.60 6.19
401.50 6.23
401.40 6.28
401.30 6.32
401.20 6.37
401.10 6.41
401.00 6.46
400.90 6.35
400.80 6.23
400.70 6.12
400.60 6.00
400.50 5.89
400.40 5.78
400.30 5.66
400.20 5.55
400.10 5.43
400.00 5.32
399.90 5.17
399.80 5.02
399.70 4.86
399.60 4.71
399.50 4.56
399.40 4.41
399.30 4.26
399.20 4.10
399.10 3.95
399.00 3.80
398.90 3.68
398.80 3.55
398.70 3.43
398.60 3.31
398.50 3.19
398.40 3.06
398.30 2.94
398.20 2.82
398.10 2.69
398.00 2.57
397.90 2.44
397.80 2.31
397.70 2.18
397.60 2.05
397.50 1.92
397.40 1.80
397.30 1.67
397.20 1.54
397.10 1.41
397.00 1.28
396.90 1.15
396.80 1.02
396.70 0.89
396.60 0.76
396.50 0.63
396.40 0.50
396.30 0.37
396.20 0.24
396.10 0.11
396.00 -0.02
395.90 -0.15
395.80 -0.27
395.70 -0.40
395.60 -0.52
395.50 -0.65
395.40 -0.77
395.30 -0.90
395.20 -1.02
395.10 -1.15
395.00 -1.27
394.90 -1.39
394.80 -1.51
394.70 -1.63
394.60 -1.75
394.50 -1.87
394.40 -1.99
394.30 -2.10
394.20 -2.22
394.10 -2.34
394.00 -2.46
393.90 -2.57
393.80 -2.68
393.70 -2.79
393.60 -2.90
393.50 -3.01
393.40 -3.12
393.30 -3.23
393.20 -3.33
393.10 -3.44
393.00 -3.55
392.90 -3.68
392.80 -3.80
392.70 -3.92
392.60 -4.04
392.50 -4.17
392.40 -4.29
392.30 -4.41
392.20 -4.53
392.10 -4.66
392.00 -4.78
391.90 -4.93
391.80 -5.07
391.70 -5.22
391.60 -5.36
391.50 -5.51
391.40 -5.65
391.30 -5.80
391.20 -5.94
391.10 -6.09
391.00 -6.23
390.90 -6.24
390.80 -6.25
390.70 -6.27
390.60 -6.28
390.50 -6.29
390.40 -6.30
390.30 -6.31
390.20 -6.32
390.10 -6.33
390.00 -6.35
389.90 -6.33
389.80 -6.31
389.70 -6.29
389.60 -6.27
389.50 -6.25
389.40 -6.23
389.30 -6.22
389.20 -6.20
389.10 -6.18
389.00 -6.16
388.90 -6.39
388.80 -6.62
388.70 -6.85
388.60 -7.08
388.50 -7.31
388.40 -7.54
388.30 -7.77
388.20 -8.00
388.10 -8.24
388.00 -8.47
387.90 -8.73
387.80 -8.99
387.70 -9.25
387.60 -9.51
387.50 -9.77
387.40 -10.03
387.30 -10.30
387.20 -10.56
387.10 -10.82
387.00 -11.08
386.90 -11.26
386.80 -11.44
386.70 -11.62
386.60 -11.80
386.50 -11.97
386.40 -12.15
386.30 -12.33
386.20 -12.51
386.10 -12.69
386.00 -12.87
385.90 -13.06
385.80 -13.25
385.70 -13.45
385.60 -13.64
385.50 -13.83
385.40 -14.02
385.30 -14.22
385.20 -14.41
385.10 -14.60
385.00 -14.79
384.90 -15.00
384.80 -15.20
384.70 -15.40
384.60 -15.60
384.50 -15.80
384.40 -16.01
384.30 -16.21
384.20 -16.41
384.10 -16.61
384.00 -16.82
383.90 -17.01
383.80 -17.20
383.70 -17.40
383.60 -17.59
383.50 -17.79
383.40 -17.98
383.30 -18.18
383.20 -18.37
383.10 -18.57
383.00 -18.76
382.90 -18.95
382.80 -19.14
382.70 -19.33
382.60 -19.52
382.50 -19.71
382.40 -19.90
382.30 -20.09
382.20 -20.28
382.10 -20.47
382.00 -20.66
381.90 -20.88
381.80 -21.09
381.70 -21.31
381.60 -21.53
381.50 -21.74
381.40 -21.96
381.30 -22.18
381.20 -22.39
381.10 -22.61
381.00 -22.82
380.90 -23.01
380.80 -23.19
380.70 -23.37
380.60 -23.55
380.50 -23.74
380.40 -23.92
380.30 -24.10
380.20 -24.28
380.10 -24.47
380.00 -24.65
379.90 -24.69
379.80 -24.73
379.70 -24.77
379.60 -24.81
379.50 -24.86
379.40 -24.90
379.30 -24.94
379.20 -24.98
379.10 -25.02
379.00 -25.06
378.90 -25.05
378.80 -25.03
378.70 -25.02
378.60 -25.01
378.50 -24.99
378.40 -24.98
378.30 -24.97
378.20 -24.95
378.10 -24.94
378.00 -24.93
377.90 -24.96
377.80 -25.00
377.70 -25.04
377.60 -25.08
377.50 -25.12
377.40 -25.16
377.30 -25.19
377.20 -25.23
377.10 -25.27
377.00 -25.31
376.90 -25.45
376.80 -25.59
376.70 -25.72
376.60 -25.86
376.50 -26.00
376.40 -26.14
376.30 -26.28
376.20 -26.41
376.10 -26.55
376.00 -26.69
375.90 -26.86
375.80 -27.04
375.70 -27.21
375.60 -27.38
375.50 -27.56
375.40 -27.73
375.30 -27.90
375.20 -28.08
375.10 -28.25
375.00 -28.42
374.90 -28.62
374.80 -28.81
374.70 -29.01
374.60 -29.20
374.50 -29.40
374.40 -29.59
374.30 -29.79
374.20 -29.98
374.10 -30.18
374.00 -30.37
373.90 -30.64
373.80 -30.91
373.70 -31.18
373.60 -31.45
373.50 -31.72
373.40 -31.99
373.30 -32.26
373.20 -32.54
373.10 -32.81
373.00 -33.08
372.90 -33.43
372.80 -33.79
372.70 -34.14
372.60 -34.50
372.50 -34.86
372.40 -35.21
372.30 -35.57
372.20 -35.92
372.10 -36.28
372.00 -36.64
371.90 -37.01
371.80 -37.38
371.70 -37.76
371.60 -38.13
371.50 -38.50
371.40 -38.88
371.30 -39.25
371.20 -39.62
371.10 -40.00
371.00 -40.37
370.90 -40.63
370.80 -40.89
370.70 -41.15
370.60 -41.41
370.50 -41.67
370.40 -41.93
370.30 -42.19
370.20 -42.45
370.10 -42.71
370.00 -42.97
369.90 -43.00
369.80 -43.03
369.70 -43.05
369.60 -43.08
369.50 -43.11
369.40 -43.14
369.30 -43.17
369.20 -43.20
369.10 -43.23
369.00 -43.26
368.90 -43.11
368.80 -42.96
368.70 -42.81
368.60 -42.66
368.50 -42.51
368.40 -42.35
368.30 -42.20
368.20 -42.05
368.10 -41.90
368.00 -41.75
367.90 -41.64
367.80 -41.52
367.70 -41.41
367.60 -41.30
367.50 -41.18
367.40 -41.07
367.30 -40.96
367.20 -40.84
367.10 -40.73
367.00 -40.62
366.90 -40.78
366.80 -40.94
366.70 -41.09
366.60 -41.25
366.50 -41.41
366.40 -41.57
366.30 -41.73
366.20 -41.89
366.10 -42.05
366.00 -42.21
365.90 -42.61
365.80 -43.00
365.70 -43.40
365.60 -43.79
365.50 -44.19
365.40 -44.59
365.30 -44.98
365.20 -45.38
365.10 -45.77
365.00 -46.17
364.90 -46.54
364.80 -46.90
364.70 -47.27
364.60 -47.63
364.50 -48.00
364.40 -48.36
364.30 -48.73
364.20 -49.09
364.10 -49.46
364.00 -49.83
363.90 -50.06
363.80 -50.30
363.70 -50.53
363.60 -50.77
363.50 -51.01
363.40 -51.24
363.30 -51.48
363.20 -51.71
363.10 -51.95
363.00 -52.19
362.90 -52.33
362.80 -52.47
362.70 -52.60
362.60 -52.74
362.50 -52.88
362.40 -53.02
362.30 -53.16
362.20 -53.30
362.10 -53.44
362.00 -53.58
361.90 -53.68
361.80 -53.78
361.70 -53.89
361.60 -53.99
361.50 -54.09
361.40 -54.19
361.30 -54.29
361.20 -54.40
361.10 -54.50
361.00 -54.60
360.90 -54.51
360.80 -54.42
360.70 -54.33
360.60 -54.24
360.50 -54.14
360.40 -54.05
360.30 -53.96
360.20 -53.87
360.10 -53.78
360.00 -53.69
359.90 -53.64
359.80 -53.59
359.70 -53.54
359.60 -53.49
359.50 -53.43
359.40 -53.38
359.30 -53.33
359.20 -53.28
359.10 -53.23
359.00 -53.18
358.90 -53.63
358.80 -54.09
358.70 -54.54
358.60 -55.00
358.50 -55.45
358.40 -55.90
358.30 -56.36
358.20 -56.81
358.10 -57.27
358.00 -57.72
357.90 -58.30
357.80 -58.89
357.70 -59.47
357.60 -60.06
357.50 -60.64
357.40 -61.23
357.30 -61.81
357.20 -62.39
357.10 -62.98
357.00 -63.56
356.90 -63.97
356.80 -64.38
356.70 -64.80
356.60 -65.21
356.50 -65.62
356.40 -66.03
356.30 -66.44
356.20 -66.85
356.10 -67.26
356.00 -67.67
355.90 -67.94
355.80 -68.20
355.70 -68.47
355.60 -68.74
355.50 -69.01
355.40 -69.27
355.30 -69.54
355.20 -69.81
355.10 -70.07
355.00 -70.34
354.90 -70.68
354.80 -71.03
354.70 -71.37
354.60 -71.71
354.50 -72.06
354.40 -72.40
354.30 -72.74
354.20 -73.08
354.10 -73.43
354.00 -73.77
353.90 -74.34
353.80 -74.92
353.70 -75.49
353.60 -76.07
353.50 -76.64
353.40 -77.22
353.30 -77.79
353.20 -78.37
353.10 -78.94
353.00 -79.52
352.90 -80.12
352.80 -80.71
352.70 -81.31
352.60 -81.91
352.50 -82.50
352.40 -83.10
352.30 -83.70
352.20 -84.29
352.10 -84.89
352.00 -85.49
351.90 -84.95
351.80 -84.41
351.70 -83.87
351.60 -83.34
351.50 -82.80
351.40 -82.26
351.30 -81.72
351.20 -81.19
351.10 -80.65
351.00 -80.11
350.90 -79.24
350.80 -78.37
350.70 -77.50
350.60 -76.63
350.50 -75.76
350.40 -74.89
350.30 -74.02
350.20 -73.15
350.10 -72.28
350.00 -71.41
349.90 -72.34
349.80 -73.26
349.70 -74.19
349.60 -75.11
349.50 -76.04
349.40 -76.96
349.30 -77.89
349.20 -78.82
349.10 -79.74
349.00 -80.67
348.90 -82.11
348.80 -83.55
348.70 -84.99
348.60 -86.42
348.50 -87.86
348.40 -89.30
348.30 -90.74
348.20 -92.18
348.10 -93.62
348.00 -95.06
347.90 -96.09
347.80 -97.13
347.70 -98.16
347.60 -99.20
347.50 -100.23
347.40 -101.26
347.30 -102.30
347.20 -103.33
347.10 -104.37
347.00 -105.40
346.90 -106.28
346.80 -107.17
346.70 -108.05
346.60 -108.93
346.50 -109.82
346.40 -110.70
346.30 -111.58
346.20 -112.47
346.10 -113.35
346.00 -114.23
345.90 -114.95
345.80 -115.67
345.70 -116.39
345.60 -117.10
345.50 -117.82
345.40 -118.54
345.30 -119.25
345.20 -119.97
345.10 -120.69
345.00 -121.41
344.90 -121.85
344.80 -122.29
344.70 -122.74
344.60 -123.18
344.50 -123.62
344.40 -124.07
344.30 -124.51
344.20 -124.95
344.10 -125.40
344.00 -125.84
343.90 -125.90
343.80 -125.96
343.70 -126.01
343.60 -126.07
343.50 -126.13
343.40 -126.19
343.30 -126.24
343.20 -126.30
343.10 -126.36
343.00 -126.42
342.90 -126.01
342.80 -125.61
342.70 -125.20
342.60 -124.79
342.50 -124.39
342.40 -123.98
342.30 -123.58
342.20 -123.17
342.10 -122.77
342.00 -122.36
341.90 -121.59
341.80 -120.81
341.70 -120.04
341.60 -119.27
341.50 -118.49
341.40 -117.72
341.30 -116.94
341.20 -116.17
341.10 -115.39
341.00 -114.62
340.90 -113.67
340.80 -112.72
340.70 -111.76
340.60 -110.81
340.50 -109.86
340.40 -108.91
340.30 -107.95
340.20 -107.00
340.10 -106.05
340.00 -105.10
339.90 -103.90
339.80 -102.70
339.70 -101.50
339.60 -100.30
339.50 -99.10
339.40 -97.90
339.30 -96.70
339.20 -95.50
339.10 -94.30
339.00 -93.10
338.90 -91.61
338.80 -90.12
338.70 -88.63
338.60 -87.15
338.50 -85.66
338.40 -84.17
338.30 -82.68
338.20 -81.20
338.10 -79.71
338.00 -78.22
337.90 -76.55
337.80 -74.88
337.70 -73.21
337.60 -71.54
337.50 -69.86
337.40 -68.19
337.30 -66.52
337.20 -64.85
337.10 -63.18
337.00 -61.51
336.90 -59.92
336.80 -58.33
336.70 -56.74
336.60 -55.16
336.50 -53.57
336.40 -51.98
336.30 -50.39
336.20 -48.80
336.10 -47.21
336.00 -45.63
335.90 -44.06
335.80 -42.50
335.70 -40.94
335.60 -39.38
335.50 -37.81
335.40 -36.25
335.30 -34.69
335.20 -33.13
335.10 -31.56
335.00 -30.00
334.90 -28.27
334.80 -26.55
334.70 -24.82
334.60 -23.10
334.50 -21.37
334.40 -19.64
334.30 -17.92
334.20 -16.19
334.10 -14.47
334.00 -12.74
333.90 -11.56
333.80 -10.37
333.70 -9.18
333.60 -8.00
333.50 -6.81
333.40 -5.63
333.30 -4.44
333.20 -3.26
333.10 -2.07
333.00 -0.89
332.90 -0.45
332.80 -0.02
332.70 0.41
332.60 0.84
332.50 1.27
332.40 1.70
332.30 2.13
332.20 2.56
332.10 2.99
332.00 3.42
331.90 3.54
331.80 3.65
331.70 3.77
331.60 3.89
331.50 4.00
331.40 4.12
331.30 4.24
331.20 4.36
331.10 4.47
331.00 4.59
330.90 4.59
330.80 4.60
330.70 4.60
330.60 4.60
330.50 4.61
330.40 4.61
330.30 4.61
330.20 4.62
330.10 4.62
330.00 4.62
329.90 4.54
329.80 4.45
329.70 4.36
329.60 4.28
329.50 4.19
329.40 4.11
329.30 4.02
329.20 3.93
329.10 3.85
329.00 3.76
328.90 3.55
328.80 3.34
328.70 3.13
328.60 2.92
328.50 2.71
328.40 2.50
328.30 2.28
328.20 2.07
328.10 1.86
328.00 1.65
327.90 1.47
327.80 1.29
327.70 1.11
327.60 0.93
327.50 0.74
327.40 0.56
327.30 0.38
327.20 0.20
327.10 0.02
327.00 -0.16
326.90 -0.26
326.80 -0.35
326.70 -0.44
326.60 -0.53
326.50 -0.62
326.40 -0.71
326.30 -0.81
326.20 -0.90
326.10 -0.99
326.00 -1.08
325.90 -1.17
325.80 -1.26
325.70 -1.35
325.60 -1.44
325.50 -1.53
325.40 -1.62
325.30 -1.71
325.20 -1.80
325.10 -1.89
325.00 -1.98
324.90 -2.18
324.80 -2.39
324.70 -2.60
324.60 -2.80
324.50 -3.01
324.40 -3.22
324.30 -3.42
324.20 -3.63
324.10 -3.84
324.00 -4.04
323.90 -4.46
323.80 -4.87
323.70 -5.29
323.60 -5.70
323.50 -6.12
323.40 -6.53
323.30 -6.95
323.20 -7.36
323.10 -7.78
323.00 -8.19
322.90 -8.80
322.80 -9.41
322.70 -10.02
322.60 -10.63
322.50 -11.24
322.40 -11.85
322.30 -12.46
322.20 -13.06
322.10 -13.67
322.00 -14.28
321.90 -14.79
321.80 -15.30
321.70 -15.81
321.60 -16.32
321.50 -16.83
321.40 -17.34
321.30 -17.85
321.20 -18.36
321.10 -18.87
321.00 -19.38
320.90 -19.62
320.80 -19.85
320.70 -20.09
320.60 -20.32
320.50 -20.56
320.40 -20.79
320.30 -21.03
320.20 -21.26
320.10 -21.50
320.00 -21.73
319.90 -21.74
319.80 -21.75
319.70 -21.76
319.60 -21.77
319.50 -21.78
319.40 -21.79
319.30 -21.79
319.20 -21.80
319.10 -21.81
319.00 -21.82
318.90 -21.79
318.80 -21.76
318.70 -21.73
318.60 -21.70
318.50 -21.67
318.40 -21.64
318.30 -21.61
318.20 -21.58
318.10 -21.55
318.00 -21.53
317.90 -21.49
317.80 -21.45
317.70 -21.41
317.60 -21.38
317.50 -21.34
317.40 -21.30
317.30 -21.26
317.20 -21.23
317.10 -21.19
317.00 -21.15
316.90 -21.00
316.80 -20.86
316.70 -20.71
316.60 -20.56
316.50 -20.41
316.40 -20.27
316.30 -20.12
316.20 -19.97
316.10 -19.83
316.00 -19.68
315.90 -19.53
315.80 -19.39
315.70 -19.24
315.60 -19.09
315.50 -18.95
315.40 -18.80
315.30 -18.66
315.20 -18.51
315.10 -18.36
315.00 -18.22
314.90 -18.11
314.80 -18.00
314.70 -17.89
314.60 -17.77
314.50 -17.66
314.40 -17.55
314.30 -17.44
314.20 -17.33
314.10 -17.22
314.00 -17.11
313.90 -16.99
313.80 -16.88
313.70 -16.76
313.60 -16.64
313.50 -16.53
313.40 -16.41
313.30 -16.30
313.20 -16.18
313.10 -16.06
313.00 -15.95
312.90 -16.01
312.80 -16.07
312.70 -16.13
312.60 -16.19
312.50 -16.24
312.40 -16.30
312.30 -16.36
312.20 -16.42
312.10 -16.48
312.00 -16.54
311.90 -16.83
311.80 -17.12
311.70 -17.41
311.60 -17.70
311.50 -17.99
311.40 -18.28
311.30 -18.57
311.20 -18.86
311.10 -19.15
311.00 -19.44
310.90 -19.83
310.80 -20.23
310.70 -20.62
310.60 -21.01
310.50 -21.41
310.40 -21.80
310.30 -22.19
310.20 -22.59
310.10 -22.98
310.00 -23.37
309.90 -23.75
309.80 -24.14
309.70 -24.52
309.60 -24.90
309.50 -25.28
309.40 -25.67
309.30 -26.05
309.20 -26.43
309.10 -26.81
309.00 -27.19
308.90 -27.42
308.80 -27.65
308.70 -27.87
308.60 -28.10
308.50 -28.33
308.40 -28.55
308.30 -28.78
308.20 -29.01
308.10 -29.23
308.00 -29.46
307.90 -29.44
307.80 -29.41
307.70 -29.39
307.60 -29.37
307.50 -29.34
307.40 -29.32
307.30 -29.30
307.20 -29.27
307.10 -29.25
307.00 -29.23
306.90 -29.19
306.80 -29.15
306.70 -29.11
306.60 -29.07
306.50 -29.03
306.40 -28.99
306.30 -28.96
306.20 -28.92
306.10 -28.88
306.00 -28.84
305.90 -28.90
305.80 -28.96
305.70 -29.02
305.60 -29.08
305.50 -29.13
305.40 -29.19
305.30 -29.25
305.20 -29.31
305.10 -29.37
305.00 -29.43
304.90 -29.56
304.80 -29.69
304.70 -29.82
304.60 -29.95
304.50 -30.08
304.40 -30.20
304.30 -30.33
304.20 -30.46
304.10 -30.59
304.00 -30.72
303.90 -31.14
303.80 -31.55
303.70 -31.97
303.60 -32.38
303.50 -32.80
303.40 -33.21
303.30 -33.63
303.20 -34.05
303.10 -34.46
303.00 -34.88
302.90 -35.59
302.80 -36.31
302.70 -37.02
302.60 -37.74
302.50 -38.45
302.40 -39.17
302.30 -39.88
302.20 -40.60
302.10 -41.31
302.00 -42.03
301.90 -42.81
301.80 -43.59
301.70 -44.38
301.60 -45.16
301.50 -45.94
301.40 -46.72
301.30 -47.51
301.20 -48.29
301.10 -49.07
301.00 -49.85
300.90 -50.55
300.80 -51.25
300.70 -51.95
300.60 -52.65
300.50 -53.35
300.40 -54.05
300.30 -54.75
300.20 -55.44
300.10 -56.14
300.00 -56.84
299.90 -57.26
299.80 -57.68
299.70 -58.09
299.60 -58.51
299.50 -58.93
299.40 -59.34
299.30 -59.76
299.20 -60.18
299.10 -60.59
299.00 -61.01
298.90 -60.98
298.80 -60.95
298.70 -60.92
298.60 -60.89
298.50 -60.86
298.40 -60.84
298.30 -60.81
298.20 -60.78
298.10 -60.75
298.00 -60.72
297.90 -60.50
297.80 -60.28
297.70 -60.06
297.60 -59.83
297.50 -59.61
297.40 -59.39
297.30 -59.17
297.20 -58.95
297.10 -58.73
297.00 -58.51
296.90 -58.21
296.80 -57.91
296.70 -57.62
296.60 -57.32
296.50 -57.03
296.40 -56.73
296.30 -56.44
296.20 -56.14
296.10 -55.85
296.00 -55.55
295.90 -55.13
295.80 -54.72
295.70 -54.30
295.60 -53.89
295.50 -53.47
295.40 -53.06
295.30 -52.64
295.20 -52.22
295.10 -51.81
295.00 -51.39
294.90 -51.10
294.80 -50.81
294.70 -50.52
294.60 -50.23
294.50 -49.94
294.40 -49.64
294.30 -49.35
294.20 -49.06
294.10 -48.77
294.00 -48.48
293.90 -48.33
293.80 -48.17
293.70 -48.02
293.60 -47.87
293.50 -47.71
293.40 -47.56
293.30 -47.41
293.20 -47.26
293.10 -47.10
293.00 -46.95
292.90 -46.65
292.80 -46.35
292.70 -46.05
292.60 -45.74
292.50 -45.44
292.40 -45.14
292.30 -44.84
292.20 -44.54
292.10 -44.24
292.00 -43.94
291.90 -43.23
291.80 -42.53
291.70 -41.82
291.60 -41.12
291.50 -40.41
291.40 -39.71
291.30 -39.00
291.20 -38.30
291.10 -37.59
291.00 -36.89
290.90 -35.91
290.80 -34.94
290.70 -33.96
290.60 -32.98
290.50 -32.01
290.40 -31.03
290.30 -30.05
290.20 -29.07
290.10 -28.10
290.00 -27.12
289.90 -26.33
289.80 -25.54
289.70 -24.75
289.60 -23.96
289.50 -23.17
289.40 -22.38
289.30 -21.59
289.20 -20.80
289.10 -20.01
289.00 -19.22
288.90 -18.89
288.80 -18.55
288.70 -18.22
288.60 -17.88
288.50 -17.55
288.40 -17.21
288.30 -16.88
288.20 -16.54
288.10 -16.21
288.00 -15.87
287.90 -15.92
287.80 -15.97
287.70 -16.02
287.60 -16.07
287.50 -16.12
287.40 -16.17
287.30 -16.22
287.20 -16.27
287.10 -16.32
287.00 -16.37
286.90 -16.48
286.80 -16.59
286.70 -16.70
286.60 -16.81
286.50 -16.92
286.40 -17.03
286.30 -17.14
286.20 -17.25
286.10 -17.36
286.00 -17.47
285.90 -17.46
285.80 -17.45
285.70 -17.44
285.60 -17.42
285.50 -17.41
285.40 -17.40
285.30 -17.39
285.20 -17.38
285.10 -17.37
285.00 -17.35
284.90 -17.42
284.80 -17.48
284.70 -17.55
284.60 -17.62
284.50 -17.68
284.40 -17.75
284.30 -17.81
284.20 -17.88
284.10 -17.94
284.00 -18.01
283.90 -18.56
283.80 -19.11
283.70 -19.66
283.60 -20.21
283.50 -20.76
283.40 -21.31
283.30 -21.86
283.20 -22.41
283.10 -22.96
283.00 -23.51
282.90 -24.41
282.80 -25.31
282.70 -26.21
282.60 -27.11
282.50 -28.01
282.40 -28.92
282.30 -29.82
282.20 -30.72
282.10 -31.62
282.00 -32.52
281.90 -33.54
281.80 -34.57
281.70 -35.59
281.60 -36.62
281.50 -37.64
281.40 -38.67
281.30 -39.69
281.20 -40.72
281.10 -41.74
281.00 -42.77
280.90 -43.78
280.80 -44.78
280.70 -45.79
280.60 -46.80
280.50 -47.80
280.40 -48.81
280.30 -49.82
280.20 -50.82
280.10 -51.83
280.00 -52.83
279.90 -53.82
279.80 -54.81
279.70 -55.79
279.60 -56.78
279.50 -57.77
279.40 -58.75
279.30 -59.74
279.20 -60.72
279.10 -61.71
279.00 -62.70
278.90 -63.47
278.80 -64.24
278.70 -65.01
278.60 -65.79
278.50 -66.56
278.40 -67.33
278.30 -68.10
278.20 -68.88
278.10 -69.65
278.00 -70.42
277.90 -70.65
277.80 -70.89
277.70 -71.12
277.60 -71.36
277.50 -71.59
277.40 -71.83
277.30 -72.06
277.20 -72.30
277.10 -72.53
277.00 -72.77
276.90 -72.54
276.80 -72.31
276.70 -72.08
276.60 -71.85
276.50 -71.62
276.40 -71.39
276.30 -71.16
276.20 -70.93
276.10 -70.70
276.00 -70.47
275.90 -70.10
275.80 -69.74
275.70 -69.38
275.60 -69.02
275.50 -68.65
275.40 -68.29
275.30 -67.93
275.20 -67.57
275.10 -67.20
275.00 -66.84
274.90 -66.81
274.80 -66.77
274.70 -66.74
274.60 -66.71
274.50 -66.67
274.40 -66.64
274.30 -66.61
274.20 -66.57
274.10 -66.54
274.00 -66.51
273.90 -67.12
273.80 -67.73
273.70 -68.34
273.60 -68.95
273.50 -69.56
273.40 -70.17
273.30 -70.79
273.20 -71.40
273.10 -72.01
273.00 -72.62
272.90 -73.65
272.80 -74.69
272.70 -75.72
272.60 -76.75
272.50 -77.78
272.40 -78.82
272.30 -79.85
272.20 -80.88
272.10 -81.92
272.00 -82.95
271.90 -83.78
271.80 -84.60
271.70 -85.43
271.60 -86.25
271.50 -87.08
271.40 -87.91
271.30 -88.73
271.20 -89.56
271.10 -90.38
271.00 -91.21
270.90 -91.58
270.80 -91.94
270.70 -92.31
270.60 -92.68
270.50 -93.04
270.40 -93.41
270.30 -93.78
270.20 -94.14
270.10 -94.51
270.00 -94.88
269.90 -94.81
269.80 -94.75
269.70 -94.68
269.60 -94.62
269.50 -94.55
269.40 -94.49
269.30 -94.42
269.20 -94.36
269.10 -94.29
269.00 -94.23
268.90 -93.97
268.80 -93.70
268.70 -93.44
268.60 -93.18
268.50 -92.91
268.40 -92.65
268.30 -92.38
268.20 -92.12
268.10 -91.86
268.00 -91.59
267.90 -91.45
267.80 -91.30
267.70 -91.16
267.60 -91.01
267.50 -90.87
267.40 -90.72
267.30 -90.57
267.20 -90.43
267.10 -90.28
267.00 -90.14
266.90 -90.20
266.80 -90.26
266.70 -90.32
266.60 -90.38
266.50 -90.44
266.40 -90.50
266.30 -90.56
266.20 -90.62
266.10 -90.68
266.00 -90.74
265.90 -90.85
265.80 -90.96
265.70 -91.07
265.60 -91.17
265.50 -91.28
265.40 -91.39
265.30 -91.50
265.20 -91.61
265.10 -91.72
265.00 -91.83
264.90 -91.85
264.80 -91.87
264.70 -91.89
264.60 -91.91
264.50 -91.93
264.40 -91.95
264.30 -91.97
264.20 -91.99
264.10 -92.01
264.00 -92.03
263.90 -91.89
263.80 -91.75
263.70 -91.61
263.60 -91.46
263.50 -91.32
263.40 -91.18
263.30 -91.04
263.20 -90.90
263.10 -90.76
263.00 -90.62
262.90 -90.34
262.80 -90.06
262.70 -89.77
262.60 -89.49
262.50 -89.21
262.40 -88.93
262.30 -88.65
262.20 -88.36
262.10 -88.08
262.00 -87.80
261.90 -87.54
261.80 -87.28
261.70 -87.02
261.60 -86.76
261.50 -86.51
261.40 -86.25
261.30 -85.99
261.20 -85.73
261.10 -85.47
261.00 -85.21
260.90 -85.11
260.80 -85.01
260.70 -84.91
260.60 -84.81
260.50 -84.72
260.40 -84.62
260.30 -84.52
260.20 -84.42
260.10 -84.32
260.00 -84.22
259.90 -84.34
259.80 -84.46
259.70 -84.58
259.60 -84.71
259.50 -84.83
259.40 -84.95
259.30 -85.07
259.20 -85.19
259.10 -85.31
259.00 -85.43
258.90 -85.77
258.80 -86.10
258.70 -86.44
258.60 -86.77
258.50 -87.11
258.40 -87.44
258.30 -87.77
258.20 -88.11
258.10 -88.44
258.00 -88.78
257.90 -89.03
257.80 -89.29
257.70 -89.55
257.60 -89.80
257.50 -90.06
257.40 -90.31
257.30 -90.57
257.20 -90.83
257.10 -91.08
257.00 -91.34
256.90 -91.17
256.80 -90.99
256.70 -90.82
256.60 -90.65
256.50 -90.47
256.40 -90.30
256.30 -90.13
256.20 -89.96
256.10 -89.78
256.00 -89.61
255.90 -89.46
255.80 -89.32
255.70 -89.17
255.60 -89.02
255.50 -88.88
255.40 -88.73
255.30 -88.58
255.20 -88.44
255.10 -88.29
255.00 -88.14
254.90 -88.31
254.80 -88.47
254.70 -88.64
254.60 -88.80
254.50 -88.97
254.40 -89.13
254.30 -89.30
254.20 -89.46
254.10 -89.63
254.00 -89.79
253.90 -90.18
253.80 -90.58
253.70 -90.97
253.60 -91.37
253.50 -91.76
253.40 -92.15
253.30 -92.55
253.20 -92.94
253.10 -93.34
253.00 -93.73
252.90 -94.30
252.80 -94.87
252.70 -95.44
252.60 -96.02
252.50 -96.59
252.40 -97.16
252.30 -97.73
252.20 -98.30
252.10 -98.87
252.00 -99.44
251.90 -100.00
251.80 -100.56
251.70 -101.11
251.60 -101.67
251.50 -102.23
251.40 -102.78
251.30 -103.34
251.20 -103.90
251.10 -104.45
251.00 -105.01
250.90 -105.28
250.80 -105.56
250.70 -105.83
250.60 -106.11
250.50 -106.38
250.40 -106.66
250.30 -106.93
250.20 -107.20
250.10 -107.48
250.00 -107.75
249.90 -107.77
249.80 -107.79
249.70 -107.81
249.60 -107.83
249.50 -107.85
249.40 -107.87
249.30 -107.89
249.20 -107.91
249.10 -107.93
249.00 -107.94
248.90 -107.76
248.80 -107.57
248.70 -107.39
248.60 -107.20
248.50 -107.02
248.40 -106.83
248.30 -106.65
248.20 -106.46
248.10 -106.28
248.00 -106.09
247.90 -105.68
247.80 -105.26
247.70 -104.85
247.60 -104.43
247.50 -104.02
247.40 -103.60
247.30 -103.19
247.20 -102.77
247.10 -102.36
247.00 -101.94
246.90 -101.18
246.80 -100.43
246.70 -99.67
246.60 -98.92
246.50 -98.16
246.40 -97.40
246.30 -96.65
246.20 -95.89
246.10 -95.14
246.00 -94.38
245.90 -93.22
245.80 -92.07
245.70 -90.91
245.60 -89.76
245.50 -88.60
245.40 -87.45
245.30 -86.29
245.20 -85.14
245.10 -83.98
245.00 -82.83
244.90 -81.40
244.80 -79.97
244.70 -78.54
244.60 -77.11
244.50 -75.68
244.40 -74.25
244.30 -72.82
244.20 -71.38
244.10 -69.95
244.00 -68.52
243.90 -67.34
243.80 -66.15
243.70 -64.96
243.60 -63.77
243.50 -62.59
243.40 -61.40
243.30 -60.21
243.20 -59.02
243.10 -57.84
243.00 -56.65
242.90 -55.76
242.80 -54.87
242.70 -53.98
242.60 -53.09
242.50 -52.20
242.40 -51.32
242.30 -50.43
242.20 -49.54
242.10 -48.65
242.00 -47.76
241.90 -46.80
241.80 -45.85
241.70 -44.89
241.60 -43.93
241.50 -42.98
241.40 -42.02
241.30 -41.06
241.20 -40.11
241.10 -39.15
241.00 -38.19
240.90 -37.37
240.80 -36.54
240.70 -35.71
240.60 -34.88
240.50 -34.05
240.40 -33.22
240.30 -32.39
240.20 -31.56
240.10 -30.74
240.00 -29.91
239.90 -29.45
239.80 -29.00
239.70 -28.55
239.60 -28.10
239.50 -27.64
239.40 -27.19
239.30 -26.74
239.20 -26.29
239.10 -25.83
239.00 -25.38
238.90 -25.25
238.80 -25.13
238.70 -25.00
238.60 -24.88
238.50 -24.75
238.40 -24.63
238.30 -24.50
238.20 -24.38
238.10 -24.25
238.00 -24.13
237.90 -23.52
237.80 -22.91
237.70 -22.31
237.60 -21.70
237.50 -21.09
237.40 -20.49
237.30 -19.88
237.20 -19.27
237.10 -18.66
237.00 -18.06
236.90 -17.19
236.80 -16.32
236.70 -15.45
236.60 -14.59
236.50 -13.72
236.40 -12.85
236.30 -11.98
236.20 -11.12
236.10 -10.25
236.00 -9.38
235.90 -9.36
235.80 -9.34
235.70 -9.31
235.60 -9.29
235.50 -9.27
235.40 -9.25
235.30 -9.22
235.20 -9.20
235.10 -9.18
235.00 -9.16
234.90 -9.77
234.80 -10.37
234.70 -10.98
234.60 -11.59
234.50 -12.20
234.40 -12.81
234.30 -13.42
234.20 -14.03
234.10 -14.64
234.00 -15.25
233.90 -16.40
233.80 -17.55
233.70 -18.70
233.60 -19.84
233.50 -20.99
233.40 -22.14
233.30 -23.29
233.20 -24.44
233.10 -25.59
233.00 -26.74
232.90 -28.51
232.80 -30.27
232.70 -32.04
232.60 -33.81
232.50 -35.57
232.40 -37.34
232.30 -39.10
232.20 -40.87
232.10 -42.64
232.00 -44.40
231.90 -45.72
231.80 -47.03
231.70 -48.34
231.60 -49.66
231.50 -50.97
231.40 -52.29
231.30 -53.60
231.20 -54.91
231.10 -56.23
231.00 -57.54
230.90 -58.03
230.80 -58.52
230.70 -59.01
230.60 -59.49
230.50 -59.98
230.40 -60.47
230.30 -60.96
230.20 -61.44
230.10 -61.93
230.00 -62.42
229.90 -62.69
229.80 -62.96
229.70 -63.24
229.60 -63.51
229.50 -63.78
229.40 -64.05
229.30 -64.33
229.20 -64.60
229.10 -64.87
229.00 -65.14
228.90 -65.78
228.80 -66.41
228.70 -67.04
228.60 -67.68
228.50 -68.31
228.40 -68.94
228.30 -69.57
228.20 -70.21
228.10 -70.84
228.00 -71.47
227.90 -72.41
227.80 -73.34
227.70 -74.27
227.60 -75.20
227.50 -76.14
227.40 -77.07
227.30 -78.00
227.20 -78.93
227.10 -79.87
227.00 -80.80
226.90 -81.28
226.80 -81.77
226.70 -82.25
226.60 -82.73
226.50 -83.21
226.40 -83.70
226.30 -84.18
226.20 -84.66
226.10 -85.14
226.00 -85.63
225.90 -84.67
225.80 -83.72
225.70 -82.77
225.60 -81.82
225.50 -80.87
225.40 -79.91
225.30 -78.96
225.20 -78.01
225.10 -77.06
225.00 -76.11
224.90 -73.89
224.80 -71.68
224.70 -69.47
224.60 -67.26
224.50 -65.04
224.40 -62.83
224.30 -60.62
224.20 -58.41
224.10 -56.19
224.00 -53.98
223.90 -51.80
223.80 -49.63
223.70 -47.45
223.60 -45.27
223.50 -43.10
223.40 -40.92
223.30 -38.74
223.20 -36.57
223.10 -34.39
223.00 -32.21
222.90 -30.97
222.80 -29.74
222.70 -28.50
222.60 -27.26
222.50 -26.03
222.40 -24.79
222.30 -23.55
222.20 -22.32
222.10 -21.08
222.00 -19.84
221.90 -19.48
221.80 -19.11
221.70 -18.74
221.60 -18.37
221.50 -18.01
221.40 -17.64
221.30 -17.27
221.20 -16.90
221.10 -16.54
221.00 -16.17
220.90 -15.89
220.80 -15.61
220.70 -15.33
220.60 -15.04
220.50 -14.76
220.40 -14.48
220.30 -14.20
220.20 -13.92
220.10 -13.64
220.00 -13.36
219.90 -12.99
219.80 -12.62
219.70 -12.25
219.60 -11.89
219.50 -11.52
219.40 -11.15
219.30 -10.79
219.20 -10.42
219.10 -10.05
219.00 -9.68
218.90 -9.32
218.80 -8.96
218.70 -8.60
218.60 -8.23
218.50 -7.87
218.40 -7.51
218.30 -7.15
218.20 -6.78
218.10 -6.42
218.00 -6.06
217.90 -5.85
217.80 -5.65
217.70 -5.44
217.60 -5.24
217.50 -5.03
217.40 -4.82
217.30 -4.62
217.20 -4.41
217.10 -4.20
217.00 -4.00
216.90 -3.94
216.80 -3.88
216.70 -3.82
216.60 -3.76
216.50 -3.70
216.40 -3.64
216.30 -3.58
216.20 -3.52
216.10 -3.46
216.00 -3.40
215.90 -3.41
215.80 -3.43
215.70 -3.44
215.60 -3.45
215.50 -3.47
215.40 -3.48
215.30 -3.50
215.20 -3.51
215.10 -3.53
215.00 -3.54
214.90 -3.56
214.80 -3.58
214.70 -3.60
214.60 -3.62
214.50 -3.65
214.40 -3.67
214.30 -3.69
214.20 -3.71
214.10 -3.73
214.00 -3.75
213.90 -3.80
213.80 -3.86
213.70 -3.91
213.60 -3.97
213.50 -4.02
213.40 -4.07
213.30 -4.13
213.20 -4.18
213.10 -4.24
213.00 -4.29
212.90 -4.42
212.80 -4.54
212.70 -4.67
212.60 -4.79
212.50 -4.92
212.40 -5.04
212.30 -5.17
212.20 -5.29
212.10 -5.42
212.00 -5.54
211.90 -5.73
211.80 -5.92
211.70 -6.11
211.60 -6.31
211.50 -6.50
211.40 -6.69
211.30 -6.88
211.20 -7.07
211.10 -7.26
211.00 -7.46
210.90 -7.60
210.80 -7.74
210.70 -7.88
210.60 -8.02
210.50 -8.16
210.40 -8.30
210.30 -8.44
210.20 -8.58
210.10 -8.73
210.00 -8.87
209.90 -8.93
209.80 -9.00
209.70 -9.07
209.60 -9.13
209.50 -9.20
209.40 -9.26
209.30 -9.33
209.20 -9.40
209.10 -9.46
209.00 -9.53
208.90 -9.60
208.80 -9.68
208.70 -9.75
208.60 -9.83
208.50 -9.90
208.40 -9.98
208.30 -10.05
208.20 -10.13
208.10 -10.20
208.00 -10.28
207.90 -10.39
207.80 -10.50
207.70 -10.61
207.60 -10.72
207.50 -10.83
207.40 -10.94
207.30 -11.05
207.20 -11.16
207.10 -11.27
207.00 -11.38
206.90 -11.53
206.80 -11.68
206.70 -11.82
206.60 -11.97
206.50 -12.12
206.40 -12.26
206.30 -12.41
206.20 -12.56
206.10 -12.70
206.00 -12.85
205.90 -13.01
205.80 -13.17
205.70 -13.33
205.60 -13.49
205.50 -13.65
205.40 -13.81
205.30 -13.97
205.20 -14.13
205.10 -14.29
205.00 -14.45
204.90 -14.55
204.80 -14.65
204.70 -14.75
204.60 -14.86
204.50 -14.96
204.40 -15.06
204.30 -15.16
204.20 -15.26
204.10 -15.37
204.00 -15.47
203.90 -15.68
203.80 -15.88
203.70 -16.09
203.60 -16.30
203.50 -16.51
203.40 -16.72
203.30 -16.93
203.20 -17.13
203.10 -17.34
203.00 -17.55
202.90 -18.10
202.80 -18.65
202.70 -19.19
202.60 -19.74
202.50 -20.29
202.40 -20.84
202.30 -21.38
202.20 -21.93
202.10 -22.48
202.00 -23.03
201.90 -23.45
201.80 -23.87
201.70 -24.29
201.60 -24.71
201.50 -25.13
201.40 -25.55
201.30 -25.98
201.20 -26.40
201.10 -26.82
201.00 -27.24
200.90 -27.14
200.80 -27.04
200.70 -26.94
200.60 -26.84
200.50 -26.74
200.40 -26.64
200.30 -26.54
200.20 -26.44
200.10 -26.34
200.00 -26.24
199.90 -25.60
199.80 -24.96
199.70 -24.32
199.60 -23.68
199.50 -23.04
199.40 -22.40
199.30 -21.76
199.20 -21.12
199.10 -20.49
199.00 -19.85
198.90 -19.16
198.80 -18.46
198.70 -17.77
198.60 -17.08
198.50 -16.39
198.40 -15.70
198.30 -15.01
198.20 -14.32
198.10 -13.63
198.00 -12.94
197.90 -12.61
197.80 -12.29
197.70 -11.96
197.60 -11.64
197.50 -11.31
197.40 -10.98
197.30 -10.66
197.20 -10.33
197.10 -10.01
197.00 -9.68
196.90 -9.85
196.80 -10.02
196.70 -10.18
196.60 -10.35
196.50 -10.52
196.40 -10.69
196.30 -10.85
196.20 -11.02
196.10 -11.19
196.00 -11.36
195.90 -11.79
195.80 -12.21
195.70 -12.64
195.60 -13.07
195.50 -13.50
195.40 -13.93
195.30 -14.36
195.20 -14.78
195.10 -15.21
195.00 -15.64
194.90 -16.04
194.80 -16.43
194.70 -16.83
194.60 -17.22
194.50 -17.62
194.40 -18.01
194.30 -18.41
194.20 -18.80
194.10 -19.20
194.00 -19.59
193.90 -19.81
193.80 -20.03
193.70 -20.25
193.60 -20.48
193.50 -20.70
193.40 -20.92
193.30 -21.14
193.20 -21.36
193.10 -21.58
193.00 -21.80
192.90 -22.21
192.80 -22.61
192.70 -23.01
192.60 -23.41
192.50 -23.81
192.40 -24.21
192.30 -24.61
192.20 -25.01
192.10 -25.41
192.00 -25.81
191.90 -26.55
191.80 -27.28
191.70 -28.02
191.60 -28.75
191.50 -29.48
191.40 -30.22
191.30 -30.95
191.20 -31.68
191.10 -32.42
191.00 -33.15
190.90 -34.07
190.80 -34.99
190.70 -35.91
190.60 -36.83
190.50 -37.75
190.40 -38.67
190.30 -39.59
190.20 -40.51
190.10 -41.43
190.00 -42.35
189.90 -43.41
189.80 -44.46
189.70 -45.51
189.60 -46.57
189.50 -47.62
189.40 -48.67
189.30 -49.73
189.20 -50.78
189.10 -51.84
189.00 -52.89
188.90 -53.91
188.80 -54.92
188.70 -55.94
188.60 -56.96
188.50 -57.98
188.40 -59.00
188.30 -60.02
188.20 -61.03
188.10 -62.05
188.00 -63.07
187.90 -63.82
187.80 -64.56
187.70 -65.31
187.60 -66.05
187.50 -66.80
187.40 -67.54
187.30 -68.29
187.20 -69.03
187.10 -69.78
187.00 -70.53
186.90 -71.05
186.80 -71.58
186.70 -72.11
186.60 -72.63
186.50 -73.16
186.40 -73.69
186.30 -74.21
186.20 -74.74
186.10 -75.27
186.00 -75.79
185.90 -76.25
185.80 -76.70
185.70 -77.15
185.60 -77.61
185.50 -78.06
185.40 -78.51
185.30 -78.97
185.20 -79.42
185.10 -79.88
185.00 -80.33
184.90 -80.78
184.80 -81.23
184.70 -81.68
184.60 -82.13
184.50 -82.58
184.40 -83.03
184.30 -83.48
184.20 -83.93
184.10 -84.38
184.00 -84.83
183.90 -84.98
183.80 -85.13
183.70 -85.29
183.60 -85.44
183.50 -85.59
183.40 -85.75
183.30 -85.90
183.20 -86.05
183.10 -86.20
183.00 -86.36
182.90 -86.23
182.80 -86.10
182.70 -85.98
182.60 -85.85
182.50 -85.72
182.40 -85.60
182.30 -85.47
182.20 -85.34
182.10 -85.22
182.00 -85.09
181.90 -84.97
181.80 -84.86
181.70 -84.74
181.60 -84.62
181.50 -84.50
181.40 -84.39
181.30 -84.27
181.20 -84.15
181.10 -84.04
181.00 -83.92
180.90 -83.60
180.80 -83.29
180.70 -82.98
180.60 -82.66
180.50 -82.35
180.40 -82.04
180.30 -81.72
180.20 -81.41
180.10 -81.10
180.00 -80.78
179.90 -80.21
179.80 -79.64
179.70 -79.07
179.60 -78.49
179.50 -77.92
179.40 -77.35
179.30 -76.78
179.20 -76.20
179.10 -75.63
179.00 -75.06
178.90 -74.47
178.80 -73.88
178.70 -73.28
178.60 -72.69
178.50 -72.10
178.40 -71.51
178.30 -70.92
178.20 -70.32
178.10 -69.73
178.00 -69.14
177.90 -68.88
177.80 -68.63
177.70 -68.37
177.60 -68.11
177.50 -67.85
177.40 -67.60
177.30 -67.34
177.20 -67.08
177.10 -66.82
177.00 -66.56
176.90 -66.70
176.80 -66.83
176.70 -66.97
176.60 -67.10
176.50 -67.24
176.40 -67.37
176.30 -67.51
176.20 -67.64
176.10 -67.78
176.00 -67.91
175.90 -68.21
175.80 -68.51
175.70 -68.80
175.60 -69.10
175.50 -69.40
175.40 -69.70
175.30 -70.00
175.20 -70.30
175.10 -70.59
175.00 -70.89
174.90 -71.26
174.80 -71.63
174.70 -72.01
174.60 -72.38
174.50 -72.75
174.40 -73.12
174.30 -73.49
174.20 -73.86
174.10 -74.23
174.00 -74.60
173.90 -74.91
173.80 -75.23
173.70 -75.54
173.60 -75.85
173.50 -76.16
173.40 -76.47
173.30 -76.78
173.20 -77.10
173.10 -77.41
173.00 -77.72
172.90 -77.76
172.80 -77.79
172.70 -77.83
172.60 -77.87
172.50 -77.90
172.40 -77.94
172.30 -77.98
172.20 -78.01
172.10 -78.05
172.00 -78.09
171.90 -77.63
171.80 -77.18
171.70 -76.72
171.60 -76.27
171.50 -75.81
171.40 -75.36
171.30 -74.91
171.20 -74.45
171.10 -74.00
171.00 -73.54
170.90 -72.79
170.80 -72.04
170.70 -71.30
170.60 -70.55
170.50 -69.80
170.40 -69.05
170.30 -68.30
170.20 -67.56
170.10 -66.81
170.00 -66.06
169.90 -65.47
169.80 -64.89
169.70 -64.30
169.60 -63.72
169.50 -63.13
169.40 -62.54
169.30 -61.96
169.20 -61.37
169.10 -60.79
169.00 -60.20
168.90 -59.62
168.80 -59.04
168.70 -58.46
168.60 -57.88
168.50 -57.31
168.40 -56.73
168.30 -56.15
168.20 -55.57
168.10 -54.99
168.00 -54.41
167.90 -53.92
167.80 -53.43
167.70 -52.95
167.60 -52.46
167.50 -51.97
167.40 -51.48
167.30 -50.99
167.20 -50.51
167.10 -50.02
167.00 -49.53
166.90 -49.52
166.80 -49.52
166.70 -49.51
166.60 -49.50
166.50 -49.50
166.40 -49.49
166.30 -49.48
166.20 -49.48
166.10 -49.47
166.00 -49.46
165.90 -49.97
165.80 -50.49
165.70 -51.00
165.60 -51.51
165.50 -52.02
165.40 -52.53
165.30 -53.04
165.20 -53.55
165.10 -54.06
165.00 -54.57
164.90 -55.52
164.80 -56.47
164.70 -57.42
164.60 -58.37
164.50 -59.32
164.40 -60.26
164.30 -61.21
164.20 -62.16
164.10 -63.11
164.00 -64.06
163.90 -65.18
163.80 -66.29
163.70 -67.41
163.60 -68.52
163.50 -69.64
163.40 -70.76
163.30 -71.87
163.20 -72.99
163.10 -74.11
163.00 -75.22
162.90 -75.62
162.80 -76.02
162.70 -76.41
162.60 -76.81
162.50 -77.21
162.40 -77.61
162.30 -78.00
162.20 -78.40
162.10 -78.80
162.00 -79.19
161.90 -79.18
161.80 -79.17
161.70 -79.16
161.60 -79.15
161.50 -79.14
161.40 -79.13
161.30 -79.11
161.20 -79.10
161.10 -79.09
161.00 -79.08
160.90 -79.78
160.80 -80.48
160.70 -81.18
160.60 -81.88
160.50 -82.58
160.40 -83.28
160.30 -83.98
160.20 -84.68
160.10 -85.38
160.00 -86.08
159.90 -86.49
159.80 -86.91
159.70 -87.32
159.60 -87.74
159.50 -88.15
159.40 -88.57
159.30 -88.98
159.20 -89.39
159.10 -89.81
159.00 -90.22
158.90 -89.74
158.80 -89.27
158.70 -88.79
158.60 -88.31
158.50 -87.84
158.40 -87.36
158.30 -86.88
158.20 -86.40
158.10 -85.93
158.00 -85.45
157.90 -84.65
157.80 -83.86
157.70 -83.06
157.60 -82.26
157.50 -81.46
157.40 -80.67
157.30 -79.87
157.20 -79.07
157.10 -78.28
157.00 -77.48
156.90 -77.82
156.80 -78.16
156.70 -78.51
156.60 -78.85
156.50 -79.19
156.40 -79.53
156.30 -79.87
156.20 -80.22
156.10 -80.56
156.00 -80.90
155.90 -82.37
155.80 -83.85
155.70 -85.32
155.60 -86.79
155.50 -88.27
155.40 -89.74
155.30 -91.21
155.20 -92.68
155.10 -94.16
155.00 -95.63
154.90 -96.84
154.80 -98.05
154.70 -99.26
154.60 -100.47
154.50 -101.69
154.40 -102.90
154.30 -104.11
154.20 -105.32
154.10 -106.53
154.00 -107.74
153.90 -108.49
153.80 -109.23
153.70 -109.97
153.60 -110.72
153.50 -111.46
153.40 -112.21
153.30 -112.95
153.20 -113.70
153.10 -114.44
153.00 -115.19
152.90 -115.56
152.80 -115.94
152.70 -116.31
152.60 -116.69
152.50 -117.06
152.40 -117.44
152.30 -117.81
152.20 -118.19
152.10 -118.56
152.00 -118.94
151.90 -119.05
151.80 -119.15
151.70 -119.26
151.60 -119.36
151.50 -119.47
151.40 -119.57
151.30 -119.68
151.20 -119.78
151.10 -119.89
151.00 -119.99
150.90 -119.98
150.80 -119.97
150.70 -119.95
150.60 -119.94
150.50 -119.93
150.40 -119.91
150.30 -119.90
150.20 -119.89
150.10 -119.88
150.00 -119.86
149.90 -119.76
149.80 -119.65
149.70 -119.54
149.60 -119.43
149.50 -119.33
149.40 -119.22
149.30 -119.11
149.20 -119.00
149.10 -118.90
149.00 -118.79
148.90 -118.48
148.80 -118.18
148.70 -117.87
148.60 -117.56
148.50 -117.26
148.40 -116.95
148.30 -116.64
148.20 -116.34
148.10 -116.03
148.00 -115.72
147.90 -115.18
147.80 -114.64
147.70 -114.09
147.60 -113.55
147.50 -113.01
147.40 -112.47
147.30 -111.92
147.20 -111.38
147.10 -110.84
147.00 -110.30
146.90 -109.77
146.80 -109.24
146.70 -108.71
146.60 -108.19
146.50 -107.66
146.40 -107.13
146.30 -106.60
146.20 -106.08
146.10 -105.55
146.00 -105.02
145.90 -104.88
145.80 -104.74
145.70 -104.60
145.60 -104.46
145.50 -104.33
145.40 -104.19
145.30 -104.05
145.20 -103.91
145.10 -103.77
145.00 -103.63
144.90 -103.69
144.80 -103.74
144.70 -103.80
144.60 -103.85
144.50 -103.91
144.40 -103.96
144.30 -104.02
144.20 -104.08
144.10 -104.13
144.00 -104.19
143.90 -104.39
143.80 -104.58
143.70 -104.78
143.60 -104.98
143.50 -105.18
143.40 -105.38
143.30 -105.58
143.20 -105.78
143.10 -105.98
143.00 -106.18
142.90 -106.57
142.80 -106.97
142.70 -107.37
142.60 -107.77
142.50 -108.17
142.40 -108.56
142.30 -108.96
142.20 -109.36
142.10 -109.76
142.00 -110.15
141.90 -110.58
141.80 -111.01
141.70 -111.44
141.60 -111.87
141.50 -112.30
141.40 -112.72
141.30 -113.15
141.20 -113.58
141.10 -114.01
141.00 -114.44
140.90 -114.79
140.80 -115.15
140.70 -115.51
140.60 -115.86
140.50 -116.22
140.40 -116.57
140.30 -116.93
140.20 -117.29
140.10 -117.64
140.00 -118.00
139.90 -118.41
139.80 -118.83
139.70 -119.24
139.60 -119.66
139.50 -120.07
139.40 -120.49
139.30 -120.90
139.20 -121.32
139.10 -121.73
139.00 -122.15
138.90 -122.67
138.80 -123.19
138.70 -123.70
138.60 -124.22
138.50 -124.74
138.40 -125.26
138.30 -125.78
138.20 -126.30
138.10 -126.82
138.00 -127.33
137.90 -127.49
137.80 -127.65
137.70 -127.82
137.60 -127.98
137.50 -128.14
137.40 -128.30
137.30 -128.46
137.20 -128.62
137.10 -128.78
137.00 -128.94
136.90 -128.65
136.80 -128.35
136.70 -128.06
136.60 -127.76
136.50 -127.47
136.40 -127.17
136.30 -126.88
136.20 -126.58
136.10 -126.29
136.00 -125.99
135.90 -124.83
135.80 -123.67
135.70 -122.51
135.60 -121.35
135.50 -120.19
135.40 -119.03
135.30 -117.87
135.20 -116.71
135.10 -115.55
135.00 -114.39
134.90 -111.89
134.80 -109.40
134.70 -106.90
134.60 -104.40
134.50 -101.90
134.40 -99.40
134.30 -96.90
134.20 -94.40
134.10 -91.91
134.00 -89.41
133.90 -87.76
133.80 -86.12
133.70 -84.48
133.60 -82.83
133.50 -81.19
133.40 -79.54
133.30 -77.90
133.20 -76.26
133.10 -74.61
133.00 -72.97
132.90 -70.80
132.80 -68.64
132.70 -66.47
132.60 -64.31
132.50 -62.14
132.40 -59.98
132.30 -57.81
132.20 -55.64
132.10 -53.48
132.00 -51.31
131.90 -48.70
131.80 -46.08
131.70 -43.47
131.60 -40.86
131.50 -38.24
131.40 -35.63
131.30 -33.01
131.20 -30.40
131.10 -27.78
131.00 -25.17
130.90 -23.62
130.80 -22.07
130.70 -20.53
130.60 -18.98
130.50 -17.43
130.40 -15.88
130.30 -14.33
130.20 -12.78
130.10 -11.23
130.00 -9.69
129.90 -8.96
129.80 -8.23
129.70 -7.50
129.60 -6.77
129.50 -6.03
129.40 -5.30
129.30 -4.57
129.20 -3.84
129.10 -3.11
129.00 -2.38
128.90 -2.00
128.80 -1.62
128.70 -1.24
128.60 -0.86
128.50 -0.48
128.40 -0.09
128.30 0.29
128.20 0.67
128.10 1.05
128.00 1.43
127.90 1.67
127.80 1.90
127.70 2.14
127.60 2.37
127.50 2.61
127.40 2.84
127.30 3.08
127.20 3.32
127.10 3.55
127.00 3.79
126.90 3.94
126.80 4.10
126.70 4.26
126.60 4.41
126.50 4.57
126.40 4.72
126.30 4.88
126.20 5.04
126.10 5.19
126.00 5.35
125.90 5.45
125.80 5.55
125.70 5.65
125.60 5.75
125.50 5.85
125.40 5.95
125.30 6.05
125.20 6.15
125.10 6.25
125.00 6.36
124.90 6.36
124.80 6.36
124.70 6.37
124.60 6.37
124.50 6.37
124.40 6.38
124.30 6.38
124.20 6.38
124.10 6.39
124.00 6.39
123.90 6.26
123.80 6.14
123.70 6.01
123.60 5.88
123.50 5.76
123.40 5.63
123.30 5.51
123.20 5.38
123.10 5.25
123.00 5.13
122.90 4.94
122.80 4.74
122.70 4.55
122.60 4.36
122.50 4.17
122.40 3.97
122.30 3.78
122.20 3.59
122.10 3.40
122.00 3.21
121.90 3.04
121.80 2.88
121.70 2.72
121.60 2.55
121.50 2.39
121.40 2.23
121.30 2.06
121.20 1.90
121.10 1.74
121.00 1.57
120.90 1.45
120.80 1.34
120.70 1.22
120.60 1.10
120.50 0.98
120.40 0.86
120.30 0.74
120.20 0.62
120.10 0.50
120.00 0.38
119.90 0.23
119.80 0.07
119.70 -0.08
119.60 -0.23
119.50 -0.39
119.40 -0.54
119.30 -0.70
119.20 -0.85
119.10 -1.01
119.00 -1.16
118.90 -1.42
118.80 -1.68
118.70 -1.93
118.60 -2.19
118.50 -2.45
118.40 -2.71
118.30 -2.97
118.20 -3.23
118.10 -3.48
118.00 -3.74
117.90 -4.11
117.80 -4.47
117.70 -4.84
117.60 -5.20
117.50 -5.57
117.40 -5.93
117.30 -6.30
117.20 -6.66
117.10 -7.03
117.00 -7.39
116.90 -7.79
116.80 -8.20
116.70 -8.60
116.60 -9.00
116.50 -9.41
116.40 -9.81
116.30 -10.21
116.20 -10.61
116.10 -11.02
116.00 -11.42
115.90 -11.79
115.80 -12.15
115.70 -12.52
115.60 -12.88
115.50 -13.25
115.40 -13.61
115.30 -13.98
115.20 -14.35
115.10 -14.71
115.00 -15.08
114.90 -15.52
114.80 -15.97
114.70 -16.42
114.60 -16.86
114.50 -17.31
114.40 -17.75
114.30 -18.20
114.20 -18.65
114.10 -19.09
114.00 -19.54
113.90 -20.25
113.80 -20.97
113.70 -21.68
113.60 -22.40
113.50 -23.11
113.40 -23.83
113.30 -24.54
113.20 -25.26
113.10 -25.97
113.00 -26.69
112.90 -27.70
112.80 -28.72
112.70 -29.73
112.60 -30.74
112.50 -31.75
112.40 -32.77
112.30 -33.78
112.20 -34.79
112.10 -35.80
112.00 -36.82
111.90 -37.46
111.80 -38.11
111.70 -38.76
111.60 -39.40
111.50 -40.05
111.40 -40.70
111.30 -41.34
111.20 -41.99
111.10 -42.64
111.00 -43.29
110.90 -43.43
110.80 -43.57
110.70 -43.72
110.60 -43.86
110.50 -44.00
110.40 -44.15
110.30 -44.29
110.20 -44.43
110.10 -44.58
110.00 -44.72
109.90 -44.77
109.80 -44.82
109.70 -44.87
109.60 -44.92
109.50 -44.97
109.40 -45.02
109.30 -45.07
109.20 -45.13
109.10 -45.18
109.00 -45.23
108.90 -45.00
108.80 -44.78
108.70 -44.56
108.60 -44.33
108.50 -44.11
108.40 -43.89
108.30 -43.67
108.20 -43.44
108.10 -43.22
108.00 -43.00
107.90 -42.50
107.80 -42.00
107.70 -41.51
107.60 -41.01
107.50 -40.51
107.40 -40.02
107.30 -39.52
107.20 -39.02
107.10 -38.53
107.00 -38.03
106.90 -37.56
106.80 -37.09
106.70 -36.62
106.60 -36.15
106.50 -35.68
106.40 -35.21
106.30 -34.74
106.20 -34.27
106.10 -33.80
106.00 -33.33
105.90 -33.04
105.80 -32.74
105.70 -32.45
105.60 -32.16
105.50 -31.87
105.40 -31.57
105.30 -31.28
105.20 -30.99
105.10 -30.70
105.00 -30.40
104.90 -30.14
104.80 -29.88
104.70 -29.62
104.60 -29.36
104.50 -29.10
104.40 -28.84
104.30 -28.57
104.20 -28.31
104.10 -28.05
104.00 -27.79
103.90 -27.32
103.80 -26.85
103.70 -26.39
103.60 -25.92
103.50 -25.45
103.40 -24.98
103.30 -24.51
103.20 -24.04
103.10 -23.58
103.00 -23.11
102.90 -22.83
102.80 -22.55
102.70 -22.27
102.60 -21.99
102.50 -21.71
102.40 -21.43
102.30 -21.15
102.20 -20.87
102.10 -20.59
102.00 -20.31
101.90 -20.37
101.80 -20.42
101.70 -20.48
101.60 -20.53
101.50 -20.59
101.40 -20.64
101.30 -20.70
101.20 -20.75
101.10 -20.81
101.00 -20.86
100.90 -21.03
100.80 -21.21
100.70 -21.38
100.60 -21.56
100.50 -21.73
100.40 -21.91
100.30 -22.08
100.20 -22.26
100.10 -22.43
100.00 -22.61
99.90 -22.88
99.80 -23.15
99.70 -23.42
99.60 -23.69
99.50 -23.96
99.40 -24.23
99.30 -24.50
99.20 -24.77
99.10 -25.04
99.00 -25.31
98.90 -25.56
98.80 -25.81
98.70 -26.06
98.60 -26.31
98.50 -26.56
98.40 -26.81
98.30 -27.06
98.20 -27.31
98.10 -27.56
98.00 -27.81
97.90 -27.84
97.80 -27.87
97.70 -27.90
97.60 -27.94
97.50 -27.97
97.40 -28.00
97.30 -28.03
97.20 -28.06
97.10 -28.09
97.00 -28.13
96.90 -28.00
96.80 -27.87
96.70 -27.75
96.60 -27.62
96.50 -27.49
96.40 -27.37
96.30 -27.24
96.20 -27.11
96.10 -26.99
96.00 -26.86
95.90 -26.88
95.80 -26.89
95.70 -26.91
95.60 -26.92
95.50 -26.94
95.40 -26.96
95.30 -26.97
95.20 -26.99
95.10 -27.00
95.00 -27.02
94.90 -27.49
94.80 -27.96
94.70 -28.42
94.60 -28.89
94.50 -29.36
94.40 -29.83
94.30 -30.30
94.20 -30.76
94.10 -31.23
94.00 -31.70
93.90 -32.28
93.80 -32.86
93.70 -33.44
93.60 -34.02
93.50 -34.60
93.40 -35.18
93.30 -35.76
93.20 -36.35
93.10 -36.93
93.00 -37.51
92.90 -37.98
92.80 -38.45
92.70 -38.92
92.60 -39.38
92.50 -39.85
92.40 -40.32
92.30 -40.79
92.20 -41.26
92.10 -41.73
92.00 -42.20
91.90 -42.58
91.80 -42.96
91.70 -43.33
91.60 -43.71
91.50 -44.09
91.40 -44.47
91.30 -44.84
91.20 -45.22
91.10 -45.60
91.00 -45.98
90.90 -46.16
90.80 -46.34
90.70 -46.52
90.60 -46.70
90.50 -46.88
90.40 -47.06
90.30 -47.25
90.20 -47.43
90.10 -47.61
90.00 -47.79
89.90 -47.84
89.80 -47.89
89.70 -47.94
89.60 -47.99
89.50 -48.04
89.40 -48.09
89.30 -48.14
89.20 -48.19
89.10 -48.24
89.00 -48.29
88.90 -48.37
88.80 -48.44
88.70 -48.52
88.60 -48.59
88.50 -48.67
88.40 -48.74
88.30 -48.82
88.20 -48.89
88.10 -48.97
88.00 -49.04
87.90 -48.85
87.80 -48.66
87.70 -48.47
87.60 -48.28
87.50 -48.09
87.40 -47.90
87.30 -47.70
87.20 -47.51
87.10 -47.32
87.00 -47.13
86.90 -46.60
86.80 -46.08
86.70 -45.55
86.60 -45.03
86.50 -44.50
86.40 -43.97
86.30 -43.45
86.20 -42.92
86.10 -42.40
86.00 -41.87
85.90 -41.23
85.80 -40.60
85.70 -39.96
85.60 -39.32
85.50 -38.69
85.40 -38.05
85.30 -37.41
85.20 -36.78
85.10 -36.14
85.00 -35.50
84.90 -34.80
84.80 -34.10
84.70 -33.40
84.60 -32.70
84.50 -32.00
84.40 -31.29
84.30 -30.59
84.20 -29.89
84.10 -29.19
84.00 -28.49
83.90 -27.87
83.80 -27.25
83.70 -26.63
83.60 -26.01
83.50 -25.39
83.40 -24.78
83.30 -24.16
83.20 -23.54
83.10 -22.92
83.00 -22.30
82.90 -21.99
82.80 -21.68
82.70 -21.37
82.60 -21.06
82.50 -20.75
82.40 -20.45
82.30 -20.14
82.20 -19.83
82.10 -19.52
82.00 -19.21
81.90 -19.15
81.80 -19.09
81.70 -19.03
81.60 -18.96
81.50 -18.90
81.40 -18.84
81.30 -18.78
81.20 -18.72
81.10 -18.66
81.00 -18.59
80.90 -18.71
80.80 -18.82
80.70 -18.93
80.60 -19.04
80.50 -19.15
80.40 -19.26
80.30 -19.37
80.20 -19.48
80.10 -19.59
80.00 -19.70
79.90 -20.00
79.80 -20.30
79.70 -20.61
79.60 -20.91
79.50 -21.21
79.40 -21.51
79.30 -21.82
79.20 -22.12
79.10 -22.42
79.00 -22.72
78.90 -23.36
78.80 -23.99
78.70 -24.63
78.60 -25.26
78.50 -25.90
78.40 -26.53
78.30 -27.17
78.20 -27.80
78.10 -28.44
78.00 -29.07
77.90 -29.80
77.80 -30.52
77.70 -31.24
77.60 -31.97
77.50 -32.69
77.40 -33.41
77.30 -34.14
77.20 -34.86
77.10 -35.59
77.00 -36.31
76.90 -36.62
76.80 -36.93
76.70 -37.24
76.60 -37.55
76.50 -37.86
76.40 -38.16
76.30 -38.47
76.20 -38.78
76.10 -39.09
76.00 -39.40
75.90 -39.42
75.80 -39.44
75.70 -39.46
75.60 -39.48
75.50 -39.50
75.40 -39.52
75.30 -39.54
75.20 -39.56
75.10 -39.57
75.00 -39.59
74.90 -40.07
74.80 -40.55
74.70 -41.03
74.60 -41.51
74.50 -41.99
74.40 -42.47
74.30 -42.94
74.20 -43.42
74.10 -43.90
74.00 -44.38
73.90 -45.96
73.80 -47.53
73.70 -49.11
73.60 -50.68
73.50 -52.26
73.40 -53.83
73.30 -55.41
73.20 -56.99
73.10 -58.56
73.00 -60.14
72.90 -61.23
72.80 -62.32
72.70 -63.41
72.60 -64.50
72.50 -65.59
72.40 -66.68
72.30 -67.77
72.20 -68.86
72.10 -69.95
72.00 -71.04
71.90 -71.21
71.80 -71.38
71.70 -71.56
71.60 -71.73
71.50 -71.90
71.40 -72.08
71.30 -72.25
71.20 -72.42
71.10 -72.60
71.00 -72.77
70.90 -73.02
70.80 -73.26
70.70 -73.51
70.60 -73.76
70.50 -74.00
70.40 -74.25
70.30 -74.50
70.20 -74.74
70.10 -74.99
70.00 -75.24
69.90 -75.40
69.80 -75.56
69.70 -75.73
69.60 -75.89
69.50 -76.05
69.40 -76.21
69.30 -76.38
69.20 -76.54
69.10 -76.70
69.00 -76.86
68.90 -76.98
68.80 -77.10
68.70 -77.22
68.60 -77.34
68.50 -77.46
68.40 -77.58
68.30 -77.69
68.20 -77.81
68.10 -77.93
68.00 -78.05
67.90 -78.47
67.80 -78.90
67.70 -79.32
67.60 -79.75
67.50 -80.17
67.40 -80.60
67.30 -81.02
67.20 -81.44
67.10 -81.87
67.00 -82.29
66.90 -82.61
66.80 -82.93
66.70 -83.25
66.60 -83.57
66.50 -83.89
66.40 -84.21
66.30 -84.53
66.20 -84.85
66.10 -85.17
66.00 -85.49
65.90 -85.40
65.80 -85.32
65.70 -85.24
65.60 -85.15
65.50 -85.07
65.40 -84.99
65.30 -84.90
65.20 -84.82
65.10 -84.73
65.00 -84.65
64.90 -84.13
64.80 -83.61
64.70 -83.09
64.60 -82.56
64.50 -82.04
64.40 -81.52
64.30 -81.00
64.20 -80.48
64.10 -79.96
64.00 -79.44
63.90 -78.30
63.80 -77.17
63.70 -76.03
63.60 -74.90
63.50 -73.76
63.40 -72.63
63.30 -71.49
63.20 -70.36
63.10 -69.22
63.00 -68.09
62.90 -66.75
62.80 -65.42
62.70 -64.08
62.60 -62.75
62.50 -61.41
62.40 -60.08
62.30 -58.74
62.20 -57.41
62.10 -56.07
62.00 -54.74
61.90 -54.08
61.80 -53.41
61.70 -52.75
61.60 -52.09
61.50 -51.43
61.40 -50.76
61.30 -50.10
61.20 -49.44
61.10 -48.78
61.00 -48.11
60.90 -48.29
60.80 -48.47
60.70 -48.66
60.60 -48.84
60.50 -49.02
60.40 -49.20
60.30 -49.38
60.20 -49.56
60.10 -49.74
60.00 -49.92
59.90 -50.55
59.80 -51.18
59.70 -51.81
59.60 -52.43
59.50 -53.06
59.40 -53.69
59.30 -54.32
59.20 -54.94
59.10 -55.57
59.00 -56.20
58.90 -56.60
58.80 -57.00
58.70 -57.40
58.60 -57.80
58.50 -58.20
58.40 -58.60
58.30 -59.01
58.20 -59.41
58.10 -59.81
58.00 -60.21
57.90 -60.15
57.80 -60.10
57.70 -60.04
57.60 -59.99
57.50 -59.93
57.40 -59.88
57.30 -59.82
57.20 -59.77
57.10 -59.71
57.00 -59.66
56.90 -59.28
56.80 -58.91
56.70 -58.53
56.60 -58.15
56.50 -57.78
56.40 -57.40
56.30 -57.03
56.20 -56.65
56.10 -56.28
56.00 -55.90
55.90 -55.57
55.80 -55.24
55.70 -54.91
55.60 -54.58
55.50 -54.25
55.40 -53.92
55.30 -53.60
55.20 -53.27
55.10 -52.94
55.00 -52.61
54.90 -52.62
54.80 -52.63
54.70 -52.64
54.60 -52.66
54.50 -52.67
54.40 -52.68
54.30 -52.69
54.20 -52.71
54.10 -52.72
54.00 -52.73
53.90 -53.21
53.80 -53.70
53.70 -54.18
53.60 -54.66
53.50 -55.15
53.40 -55.63
53.30 -56.11
53.20 -56.59
53.10 -57.08
53.00 -57.56
52.90 -58.37
52.80 -59.17
52.70 -59.98
52.60 -60.79
52.50 -61.59
52.40 -62.40
52.30 -63.21
52.20 -64.02
52.10 -64.82
52.00 -65.63
51.90 -66.12
51.80 -66.61
51.70 -67.11
51.60 -67.60
51.50 -68.09
51.40 -68.58
51.30 -69.08
51.20 -69.57
51.10 -70.06
51.00 -70.55
50.90 -70.66
50.80 -70.76
50.70 -70.87
50.60 -70.98
50.50 -71.08
50.40 -71.19
50.30 -71.29
50.20 -71.40
50.10 -71.50
50.00 -71.61
49.90 -71.78
49.80 -71.96
49.70 -72.13
49.60 -72.31
49.50 -72.48
49.40 -72.65
49.30 -72.83
49.20 -73.00
49.10 -73.18
49.00 -73.35
48.90 -73.42
48.80 -73.49
48.70 -73.56
48.60 -73.63
48.50 -73.69
48.40 -73.76
48.30 -73.83
48.20 -73.90
48.10 -73.97
48.00 -74.04
47.90 -73.96
47.80 -73.87
47.70 -73.79
47.60 -73.71
47.50 -73.63
47.40 -73.55
47.30 -73.47
47.20 -73.38
47.10 -73.30
47.00 -73.22
46.90 -73.20
46.80 -73.19
46.70 -73.17
46.60 -73.15
46.50 -73.14
46.40 -73.12
46.30 -73.10
46.20 -73.09
46.10 -73.07
46.00 -73.05
45.90 -73.18
45.80 -73.30
45.70 -73.42
45.60 -73.54
45.50 -73.66
45.40 -73.79
45.30 -73.91
45.20 -74.03
45.10 -74.15
45.00 -74.28
44.90 -74.41
44.80 -74.54
44.70 -74.67
44.60 -74.81
44.50 -74.94
44.40 -75.07
44.30 -75.20
44.20 -75.34
44.10 -75.47
44.00 -75.60
43.90 -75.51
43.80 -75.43
43.70 -75.34
43.60 -75.26
43.50 -75.17
43.40 -75.09
43.30 -75.00
43.20 -74.91
43.10 -74.83
43.00 -74.74
42.90 -74.46
42.80 -74.19
42.70 -73.91
42.60 -73.63
42.50 -73.35
42.40 -73.07
42.30 -72.80
42.20 -72.52
42.10 -72.24
42.00 -71.96
41.90 -71.55
41.80 -71.13
41.70 -70.72
41.60 -70.30
41.50 -69.89
41.40 -69.48
41.30 -69.06
41.20 -68.65
41.10 -68.23
41.00 -67.82
40.90 -67.37
40.80 -66.92
40.70 -66.47
40.60 -66.01
40.50 -65.56
40.40 -65.11
40.30 -64.66
40.20 -64.21
40.10 -63.76
40.00 -63.30
39.90 -63.20
39.80 -63.10
39.70 -63.00
39.60 -62.90
39.50 -62.80
39.40 -62.70
39.30 -62.60
39.20 -62.50
39.10 -62.40
39.00 -62.30
38.90 -62.74
38.80 -63.19
38.70 -63.63
38.60 -64.07
38.50 -64.52
38.40 -64.96
38.30 -65.40
38.20 -65.84
38.10 -66.29
38.00 -66.73
37.90 -67.52
37.80 -68.32
37.70 -69.11
37.60 -69.91
37.50 -70.70
37.40 -71.50
37.30 -72.29
37.20 -73.08
37.10 -73.88
37.00 -74.67
36.90 -75.20
36.80 -75.73
36.70 -76.26
36.60 -76.79
36.50 -77.32
36.40 -77.85
36.30 -78.37
36.20 -78.90
36.10 -79.43
36.00 -79.96
35.90 -80.03
35.80 -80.10
35.70 -80.18
35.60 -80.25
35.50 -80.32
35.40 -80.39
35.30 -80.46
35.20 -80.54
35.10 -80.61
35.00 -80.68
34.90 -80.59
34.80 -80.50
34.70 -80.42
34.60 -80.33
34.50 -80.24
34.40 -80.15
34.30 -80.07
34.20 -79.98
34.10 -79.89
34.00 -79.80
33.90 -79.69
33.80 -79.58
33.70 -79.46
33.60 -79.35
33.50 -79.24
33.40 -79.12
33.30 -79.01
33.20 -78.90
33.10 -78.78
33.00 -78.67
32.90 -78.65
32.80 -78.63
32.70 -78.61
32.60 -78.59
32.50 -78.57
32.40 -78.55
32.30 -78.53
32.20 -78.51
32.10 -78.49
32.00 -78.47
31.90 -78.65
31.80 -78.83
31.70 -79.01
31.60 -79.19
31.50 -79.37
31.40 -79.55
31.30 -79.73
31.20 -79.92
31.10 -80.10
31.00 -80.28
30.90 -80.59
30.80 -80.90
30.70 -81.21
30.60 -81.52
30.50 -81.83
30.40 -82.14
30.30 -82.45
30.20 -82.76
30.10 -83.07
30.00 -83.38
29.90 -83.85
29.80 -84.32
29.70 -84.78
29.60 -85.25
29.50 -85.72
29.40 -86.19
29.30 -86.66
29.20 -87.12
29.10 -87.59
29.00 -88.06
28.90 -88.76
28.80 -89.46
28.70 -90.16
28.60 -90.86
28.50 -91.56
28.40 -92.26
28.30 -92.96
28.20 -93.66
28.10 -94.36
28.00 -95.06
27.90 -95.70
27.80 -96.34
27.70 -96.97
27.60 -97.61
27.50 -98.25
27.40 -98.88
27.30 -99.52
27.20 -100.16
27.10 -100.79
27.00 -101.43
26.90 -101.91
26.80 -102.38
26.70 -102.86
26.60 -103.34
26.50 -103.81
26.40 -104.29
26.30 -104.77
26.20 -105.25
26.10 -105.72
26.00 -106.20
25.90 -106.66
25.80 -107.13
25.70 -107.59
25.60 -108.06
25.50 -108.52
25.40 -108.99
25.30 -109.45
25.20 -109.92
25.10 -110.38
25.00 -110.84
24.90 -111.25
24.80 -111.65
24.70 -112.05
24.60 -112.45
24.50 -112.85
24.40 -113.26
24.30 -113.66
24.20 -114.06
24.10 -114.46
24.00 -114.86
23.90 -115.15
23.80 -115.43
23.70 -115.72
23.60 -116.00
23.50 -116.29
23.40 -116.57
23.30 -116.86
23.20 -117.14
23.10 -117.43
23.00 -117.71
22.90 -117.90
22.80 -118.08
22.70 -118.27
22.60 -118.45
22.50 -118.64
22.40 -118.83
22.30 -119.01
22.20 -119.20
22.10 -119.38
22.00 -119.57
21.90 -119.77
21.80 -119.98
21.70 -120.18
21.60 -120.39
21.50 -120.59
21.40 -120.80
21.30 -121.00
21.20 -121.20
21.10 -121.41
21.00 -121.61
20.90 -121.75
20.80 -121.89
20.70 -122.03
20.60 -122.18
20.50 -122.32
20.40 -122.46
20.30 -122.60
20.20 -122.74
20.10 -122.88
20.00 -123.02
19.90 -122.88
19.80 -122.73
19.70 -122.59
19.60 -122.44
19.50 -122.30
19.40 -122.15
19.30 -122.01
19.20 -121.87
19.10 -121.72
19.00 -121.58
18.90 -121.25
18.80 -120.93
18.70 -120.60
18.60 -120.27
18.50 -119.95
18.40 -119.62
18.30 -119.29
18.20 -118.97
18.10 -118.64
18.00 -118.32
17.90 -117.90
17.80 -117.49
17.70 -117.07
17.60 -116.66
17.50 -116.24
17.40 -115.83
17.30 -115.41
17.20 -115.00
17.10 -114.58
17.00 -114.17
16.90 -113.63
16.80 -113.10
16.70 -112.56
16.60 -112.03
16.50 -111.49
16.40 -110.96
16.30 -110.42
16.20 -109.88
16.10 -109.35
16.00 -108.81
15.90 -107.99
15.80 -107.17
15.70 -106.35
15.60 -105.53
15.50 -104.71
15.40 -103.89
15.30 -103.07
15.20 -102.25
15.10 -101.43
15.00 -100.60
14.90 -99.44
14.80 -98.27
14.70 -97.11
14.60 -95.94
14.50 -94.77
14.40 -93.61
14.30 -92.44
14.20 -91.27
14.10 -90.11
14.00 -88.94
13.90 -87.52
13.80 -86.10
13.70 -84.69
13.60 -83.27
13.50 -81.85
13.40 -80.43
13.30 -79.02
13.20 -77.60
13.10 -76.18
13.00 -74.76
12.90 -73.26
12.80 -71.76
12.70 -70.26
12.60 -68.76
12.50 -67.26
12.40 -65.76
12.30 -64.26
12.20 -62.76
12.10 -61.27
12.00 -59.77
11.90 -58.29
11.80 -56.81
11.70 -55.33
11.60 -53.86
11.50 -52.38
11.40 -50.90
11.30 -49.42
11.20 -47.95
11.10 -46.47
11.00 -44.99
10.90 -43.57
10.80 -42.16
10.70 -40.74
10.60 -39.33
10.50 -37.91
10.40 -36.50
10.30 -35.08
10.20 -33.67
10.10 -32.25
10.00 -30.83
9.90 -29.60
9.80 -28.36
9.70 -27.13
9.60 -25.89
9.50 -24.66
9.40 -23.42
9.30 -22.19
9.20 -20.95
9.10 -19.72
9.00 -18.48
8.90 -17.61
8.80 -16.73
8.70 -15.86
8.60 -14.98
8.50 -14.11
8.40 -13.24
8.30 -12.36
8.20 -11.49
8.10 -10.61
8.00 -9.74
7.90 -9.35
7.80 -8.96
7.70 -8.57
7.60 -8.18
7.50 -7.79
7.40 -7.40
7.30 -7.01
7.20 -6.62
7.10 -6.23
7.00 -5.84
6.90 -5.65
6.80 -5.47
6.70 -5.29
6.60 -5.10
6.50 -4.92
6.40 -4.74
6.30 -4.55
6.20 -4.37
6.10 -4.18
6.00 -4.00
5.90 -3.85
5.80 -3.70
5.70 -3.55
5.60 -3.40
5.50 -3.26
5.40 -3.11
5.30 -2.96
5.20 -2.81
5.10 -2.66
5.00 -2.51
4.90 -2.41
4.80 -2.32
4.70 -2.22
4.60 -2.13
4.50 -2.03
4.40 -1.94
4.30 -1.84
4.20 -1.75
4.10 -1.65
4.00 -1.56
3.90 -1.48
3.80 -1.41
3.70 -1.33
3.60 -1.25
3.50 -1.18
3.40 -1.10
3.30 -1.03
3.20 -0.95
3.10 -0.88
3.00 -0.80
2.90 -0.73
2.80 -0.67
2.70 -0.60
2.60 -0.54
2.50 -0.47
2.40 -0.41
2.30 -0.34
2.20 -0.28
2.10 -0.21
2.00 -0.15
1.90 -0.13
1.80 -0.10
1.70 -0.08
1.60 -0.05
1.50 -0.03
1.40 -0.00
1.30 0.02
1.20 0.05
1.10 0.07
1.00 0.09
0.90 0.06
0.80 0.02
0.70 -0.01
0.60 -0.05
0.50 -0.09
0.40 -0.12
0.30 -0.16
0.20 -0.20
0.10 -0.23
-0.00 -0.27
