1500	-78.22
1499	-77.62
1498	-77.01
1497	-75.93
1496	-73.48
1495	-68.83
1494	-61.03
1493	-50.54
1492	-40.46
1491	-32.93
1490	-26.36
1489	-21.44
1488	-18.56
1487	-16.82
1486	-16.34
1485	-16.54
1484	-17.01
1483	-17.07
1482	-16.87
1481	-16.42
1480	-15.94
1479	-15.51
1478	-14.69
1477	-12.63
1476	-10.72
1475	-9.41
1474	-8.56
1473	-8.29
1472	-8.26
1471	-8.88
1470	-10.60
1469	-14.24
1468	-20.41
1467	-28.07
1466	-38.04
1465	-48.57
1464	-58.11
1463	-65.58
1462	-70.79
1461	-73.68
1460	-74.87
1459	-76.24
1458	-77.30
1457	-77.41
1456	-76.43
1455	-73.38
1454	-66.39
1453	-55.33
1452	-43.59
1451	-33.04
1450	-24.42
1449	-18.30
1448	-14.14
1447	-11.58
1446	-10.21
1445	-9.49
1444	-9.12
1443	-8.90
1442	-8.65
1441	-8.22
1440	-7.51
1439	-6.21
1438	-4.73
1437	-3.65
1436	-2.94
1435	-2.68
1434	-2.56
1433	-2.52
1432	-2.54
1431	-2.63
1430	-3.34
1429	-4.23
1428	-5.57
1427	-7.20
1426	-9.36
1425	-12.12
1424	-15.84
1423	-20.14
1422	-25.44
1421	-31.42
1420	-36.26
1419	-39.92
1418	-42.87
1417	-45.78
1416	-49.15
1415	-53.58
1414	-58.62
1413	-63.17
1412	-67.28
1411	-69.06
1410	-67.85
1409	-63.54
1408	-58.08
1407	-53.45
1406	-48.72
1405	-43.33
1404	-36.92
1403	-31.33
1402	-27.10
1401	-24.15
1400	-21.95
1399	-20.10
1398	-18.85
1397	-18.21
1396	-18.08
1395	-18.93
1394	-19.44
1393	-19.78
1392	-20.49
1391	-21.67
1390	-22.61
1389	-23.28
1388	-23.90
1387	-24.45
1386	-25.27
1385	-26.98
1384	-28.94
1383	-30.51
1382	-32.34
1381	-34.53
1380	-37.08
1379	-39.83
1378	-42.50
1377	-44.97
1376	-47.47
1375	-50.36
1374	-54.05
1373	-58.72
1372	-62.87
1371	-65.53
1370	-68.09
1369	-70.32
1368	-70.76
1367	-69.01
1366	-65.68
1365	-60.71
1364	-55.30
1363	-48.97
1362	-41.71
1361	-34.05
1360	-28.19
1359	-24.15
1358	-21.03
1357	-18.52
1356	-16.48
1355	-14.91
1354	-13.96
1353	-13.60
1352	-13.96
1351	-15.34
1350	-16.58
1349	-18.27
1348	-20.81
1347	-24.57
1346	-28.47
1345	-32.34
1344	-36.55
1343	-40.77
1342	-44.83
1341	-48.51
1340	-51.12
1339	-52.61
1338	-53.93
1337	-55.68
1336	-57.41
1335	-59.15
1334	-60.14
1333	-59.50
1332	-59.14
1331	-58.52
1330	-58.48
1329	-59.15
1328	-59.33
1327	-58.74
1326	-58.09
1325	-57.03
1324	-55.23
1323	-53.35
1322	-51.59
1321	-49.44
1320	-45.94
1319	-40.98
1318	-35.37
1317	-30.64
1316	-27.95
1315	-26.96
1314	-26.67
1313	-26.66
1312	-26.71
1311	-26.88
1310	-27.51
1309	-28.71
1308	-30.36
1307	-32.21
1306	-34.22
1305	-36.32
1304	-38.75
1303	-41.53
1302	-44.57
1301	-48.05
1300	-51.41
1299	-54.73
1298	-58.12
1297	-61.14
1296	-62.60
1295	-62.15
1294	-61.44
1293	-61.48
1292	-62.84
1291	-65.65
1290	-68.34
1289	-69.70
1288	-68.44
1287	-64.37
1286	-57.87
1285	-50.25
1284	-42.35
1283	-36.50
1282	-31.55
1281	-27.58
1280	-25.62
1279	-24.95
1278	-24.68
1277	-25.30
1276	-26.36
1275	-27.73
1274	-29.15
1273	-30.15
1272	-31.09
1271	-31.86
1270	-32.78
1269	-33.83
1268	-34.73
1267	-35.26
1266	-35.70
1265	-36.19
1264	-37.07
1263	-38.35
1262	-39.40
1261	-40.21
1260	-40.84
1259	-41.53
1258	-43.26
1257	-46.91
1256	-52.64
1255	-59.25
1254	-65.61
1253	-70.72
1252	-74.72
1251	-77.69
1250	-79.77
1249	-81.57
1248	-80.52
1247	-75.48
1246	-67.72
1245	-57.76
1244	-45.49
1243	-34.39
1242	-24.84
1241	-17.18
1240	-11.97
1239	-9.82
1238	-8.92
1237	-8.51
1236	-8.29
1235	-8.15
1234	-8.07
1233	-8.02
1232	-8.02
1231	-8.03
1230	-8.14
1229	-8.47
1228	-9.28
1227	-9.95
1226	-10.72
1225	-11.86
1224	-14.08
1223	-18.31
1222	-23.55
1221	-28.73
1220	-33.24
1219	-35.64
1218	-36.89
1217	-38.46
1216	-41.36
1215	-45.85
1214	-50.49
1213	-54.74
1212	-58.28
1211	-61.08
1210	-63.24
1209	-65.01
1208	-65.54
1207	-65.19
1206	-65.09
1205	-65.36
1204	-65.48
1203	-65.64
1202	-66.53
1201	-68.02
1200	-70.30
1199	-72.86
1198	-74.42
1197	-75.05
1196	-74.83
1195	-74.59
1194	-73.39
1193	-70.54
1192	-66.42
1191	-61.26
1190	-54.35
1189	-45.56
1188	-39.15
1187	-35.28
1186	-32.59
1185	-31.38
1184	-31.33
1183	-31.54
1182	-31.69
1181	-31.78
1180	-32.32
1179	-32.94
1178	-33.75
1177	-35.07
1176	-36.22
1175	-36.42
1174	-36.46
1173	-36.33
1172	-35.54
1171	-32.89
1170	-29.92
1169	-27.74
1168	-25.29
1167	-22.95
1166	-21.85
1165	-21.48
1164	-21.26
1163	-21.14
1162	-21.17
1161	-21.21
1160	-21.87
1159	-22.70
1158	-23.93
1157	-25.27
1156	-26.32
1155	-27.07
1154	-27.56
1153	-27.84
1152	-28.00
1151	-28.30
1150	-29.22
1149	-30.50
1148	-31.28
1147	-31.78
1146	-32.31
1145	-33.12
1144	-34.05
1143	-35.70
1142	-37.81
1141	-40.31
1140	-42.72
1139	-45.34
1138	-48.86
1137	-52.89
1136	-57.15
1135	-61.54
1134	-63.95
1133	-64.62
1132	-66.20
1131	-68.78
1130	-71.58
1129	-75.31
1128	-79.07
1127	-81.76
1126	-82.96
1125	-83.30
1124	-83.50
1123	-83.29
1122	-80.97
1121	-76.05
1120	-71.11
1119	-66.80
1118	-63.79
1117	-62.51
1116	-61.15
1115	-58.96
1114	-55.24
1113	-50.82
1112	-46.80
1111	-42.57
1110	-39.29
1109	-37.67
1108	-37.04
1107	-37.04
1106	-37.96
1105	-40.31
1104	-42.75
1103	-44.93
1102	-47.76
1101	-51.27
1100	-55.23
1099	-59.44
1098	-62.14
1097	-62.58
1096	-61.47
1095	-58.96
1094	-56.67
1093	-55.14
1092	-53.73
1091	-52.00
1090	-50.82
1089	-50.16
1088	-49.90
1087	-49.98
1086	-49.59
1085	-48.49
1084	-47.68
1083	-46.74
1082	-45.05
1081	-42.40
1080	-38.48
1079	-33.17
1078	-28.74
1077	-25.08
1076	-21.22
1075	-16.62
1074	-11.03
1073	-5.26
1072	-2.05
1071	-0.72
1070	-0.25
1069	-0.17
1068	-0.17
1067	-0.25
1066	-1.49
1065	-4.35
1064	-10.51
1063	-18.55
1062	-28.39
1061	-39.60
1060	-50.75
1059	-60.48
1058	-66.98
1057	-70.17
1056	-70.75
1055	-69.69
1054	-68.83
1053	-68.32
1052	-67.43
1051	-66.04
1050	-65.48
1049	-65.86
1048	-66.32
1047	-67.47
1046	-69.87
1045	-72.81
1044	-74.65
1043	-76.75
1042	-78.94
1041	-80.76
1040	-83.69
1039	-87.34
1038	-89.05
1037	-88.92
1036	-87.42
1035	-84.59
1034	-79.44
1033	-72.61
1032	-66.11
1031	-57.60
1030	-50.98
1029	-46.48
1028	-42.72
1027	-40.63
1026	-38.67
1025	-36.41
1024	-33.36
1023	-30.63
1022	-29.89
1021	-30.44
1020	-31.30
1019	-31.98
1018	-32.50
1017	-32.70
1016	-33.83
1015	-36.65
1014	-40.57
1013	-45.28
1012	-49.67
1011	-54.11
1010	-58.49
1009	-62.52
1008	-65.91
1007	-68.48
1006	-70.50
1005	-71.79
1004	-71.50
1003	-69.74
1002	-65.57
1001	-59.34
1000	-52.72
999	-46.85
998	-42.43
997	-39.95
996	-39.13
995	-39.54
994	-40.75
993	-42.86
992	-45.60
991	-48.62
990	-52.18
989	-56.22
988	-60.58
987	-64.72
986	-67.25
985	-67.73
984	-66.74
983	-63.42
982	-57.22
981	-49.87
980	-42.92
979	-37.93
978	-35.12
977	-33.95
976	-33.98
975	-34.86
974	-36.50
973	-39.27
972	-43.08
971	-47.81
970	-53.39
969	-59.74
968	-66.96
967	-74.28
966	-81.71
965	-88.41
964	-92.83
963	-93.55
962	-90.02
961	-81.37
960	-69.45
959	-54.61
958	-40.09
957	-26.53
956	-16.94
955	-11.88
954	-8.66
953	-6.68
952	-6.11
951	-5.99
950	-6.13
949	-7.28
948	-8.37
947	-9.56
946	-10.55
945	-11.43
944	-12.30
943	-13.13
942	-14.62
941	-17.67
940	-20.44
939	-22.49
938	-24.82
937	-27.68
936	-30.44
935	-33.07
934	-35.92
933	-39.08
932	-42.54
931	-46.53
930	-51.14
929	-56.47
928	-62.58
927	-68.82
926	-73.95
925	-77.81
924	-81.02
923	-84.01
922	-85.98
921	-87.03
920	-87.02
919	-84.41
918	-79.27
917	-71.81
916	-64.46
915	-59.06
914	-56.37
913	-55.40
912	-54.43
911	-52.89
910	-51.28
909	-49.83
908	-49.48
907	-50.81
906	-52.15
905	-53.37
904	-54.41
903	-55.46
902	-57.31
901	-59.94
900	-63.01
899	-66.31
898	-70.34
897	-74.76
896	-78.90
895	-81.79
894	-83.41
893	-84.05
892	-84.27
891	-84.76
890	-85.26
889	-85.66
888	-85.83
887	-85.96
886	-85.82
885	-85.58
884	-85.10
883	-85.25
882	-87.02
881	-90.24
880	-93.69
879	-96.31
878	-99.19
877	-101.53
876	-103.39
875	-105.25
874	-106.29
873	-106.12
872	-105.16
871	-102.61
870	-97.66
869	-90.05
868	-81.52
867	-71.48
866	-57.91
865	-42.41
864	-34.02
863	-28.85
862	-24.99
861	-22.82
860	-20.73
859	-17.78
858	-15.89
857	-15.53
856	-16.20
855	-16.69
854	-17.58
853	-18.81
852	-19.32
851	-19.19
850	-19.12
849	-19.19
848	-19.15
847	-19.04
846	-18.96
845	-19.07
844	-19.34
843	-20.18
842	-22.21
841	-25.42
840	-29.18
839	-32.61
838	-35.73
837	-37.65
836	-39.20
835	-41.23
834	-43.70
833	-46.35
832	-48.59
831	-49.84
830	-50.08
829	-49.01
828	-48.08
827	-48.15
826	-47.89
825	-47.15
824	-45.89
823	-43.73
822	-42.10
821	-41.40
820	-41.34
819	-41.42
818	-42.27
817	-43.86
816	-46.36
815	-49.72
814	-54.64
813	-60.29
812	-65.27
811	-69.25
810	-72.67
809	-75.49
808	-78.32
807	-81.09
806	-83.43
805	-85.25
804	-87.71
803	-90.74
802	-93.52
801	-96.09
800	-98.63
799	-100.55
798	-102.49
797	-103.24
796	-103.52
795	-103.43
794	-100.11
793	-92.97
792	-84.77
791	-75.29
790	-63.78
789	-52.81
788	-42.91
787	-34.01
786	-29.17
785	-26.72
784	-25.01
783	-23.18
782	-21.58
781	-20.82
780	-20.40
779	-20.09
778	-20.37
777	-21.41
776	-22.44
775	-23.41
774	-24.82
773	-26.71
772	-28.50
771	-30.60
770	-33.27
769	-36.17
768	-39.34
767	-42.63
766	-46.40
765	-50.65
764	-54.13
763	-56.98
762	-60.23
761	-64.38
760	-68.45
759	-72.65
758	-76.95
757	-80.66
756	-83.67
755	-86.31
754	-87.63
753	-87.42
752	-87.59
751	-88.47
750	-88.79
749	-88.71
748	-88.77
747	-89.26
746	-89.58
745	-89.12
744	-86.11
743	-80.23
742	-73.65
741	-68.94
740	-66.40
739	-65.58
738	-65.30
737	-64.91
736	-64.34
735	-63.46
734	-62.09
733	-60.25
732	-59.42
731	-59.85
730	-60.80
729	-62.45
728	-64.99
727	-68.56
726	-73.27
725	-79.09
724	-85.66
723	-91.99
722	-96.84
721	-100.52
720	-103.08
719	-104.37
718	-105.07
717	-104.23
716	-100.26
715	-92.25
714	-82.92
713	-73.79
712	-65.50
711	-58.44
710	-54.56
709	-51.96
708	-50.17
707	-49.18
706	-48.13
705	-46.60
704	-45.06
703	-43.48
702	-41.17
701	-38.26
700	-35.05
699	-31.74
698	-28.47
697	-25.79
696	-23.98
695	-23.06
694	-22.57
693	-22.52
692	-22.56
691	-22.65
690	-23.50
689	-25.64
688	-29.38
687	-35.52
686	-41.13
685	-46.10
684	-51.37
683	-56.42
682	-60.66
681	-64.56
680	-68.67
679	-72.59
678	-76.30
677	-79.74
676	-81.61
675	-82.62
674	-83.20
673	-82.74
672	-81.57
671	-80.48
670	-80.94
669	-82.20
668	-83.32
667	-84.64
666	-86.01
665	-87.77
664	-90.99
663	-95.48
662	-99.09
661	-101.54
660	-103.16
659	-102.26
658	-101.13
657	-99.12
656	-97.63
655	-97.68
654	-98.85
653	-100.49
652	-101.45
651	-101.91
650	-102.10
649	-102.51
648	-102.83
647	-103.05
646	-103.12
645	-103.12
644	-103.48
643	-104.57
642	-106.91
641	-110.14
640	-112.47
639	-114.05
638	-115.79
637	-117.48
636	-119.14
635	-120.90
634	-122.62
633	-123.96
632	-125.80
631	-127.32
630	-127.53
629	-126.25
628	-123.74
627	-119.63
626	-114.30
625	-107.64
624	-99.39
623	-89.97
622	-81.11
621	-71.69
620	-61.45
619	-51.46
618	-42.76
617	-36.32
616	-32.22
615	-29.69
614	-28.10
613	-27.06
612	-26.33
611	-26.02
610	-26.81
609	-28.34
608	-30.16
607	-31.68
606	-32.56
605	-32.90
604	-33.33
603	-34.45
602	-35.78
601	-37.02
600	-37.82
599	-38.30
598	-38.27
597	-38.08
596	-38.47
595	-39.37
594	-41.16
593	-43.42
592	-46.50
591	-49.99
590	-53.42
589	-57.16
588	-60.11
587	-62.64
586	-66.16
585	-68.70
584	-70.23
583	-70.00
582	-64.93
581	-53.52
580	-40.33
579	-30.84
578	-22.72
577	-17.89
576	-15.63
575	-15.14
574	-15.01
573	-15.52
572	-18.68
571	-21.26
570	-24.41
569	-30.64
568	-36.38
567	-40.40
566	-44.50
565	-48.76
564	-52.92
563	-56.56
562	-60.26
561	-63.03
560	-64.99
559	-67.26
558	-69.88
557	-72.66
556	-74.50
555	-75.49
554	-77.48
553	-79.61
552	-82.02
551	-84.69
550	-86.77
549	-88.64
548	-90.46
547	-91.81
546	-91.99
545	-91.10
544	-90.47
543	-89.49
542	-88.81
541	-89.33
540	-89.52
539	-89.35
538	-88.87
537	-87.92
536	-85.40
535	-80.79
534	-74.77
533	-66.26
532	-59.14
531	-54.04
530	-50.74
529	-48.33
528	-47.34
527	-46.92
526	-46.34
525	-45.82
524	-45.76
523	-45.69
522	-45.84
521	-46.64
520	-48.04
519	-50.02
518	-51.42
517	-53.21
516	-55.91
515	-58.44
514	-62.10
513	-65.53
512	-67.37
511	-68.71
510	-69.00
509	-68.45
508	-65.96
507	-62.03
506	-57.41
505	-51.83
504	-47.80
503	-44.26
502	-41.93
501	-40.57
500	-39.71
499	-39.52
498	-39.02
497	-38.93
496	-39.54
495	-39.78
494	-39.61
493	-38.20
492	-34.28
491	-31.26
490	-29.68
489	-28.83
488	-28.59
487	-28.79
486	-29.06
485	-29.35
484	-30.58
483	-32.79
482	-35.78
481	-39.63
480	-43.40
479	-48.55
478	-54.35
477	-60.55
476	-67.04
475	-73.10
474	-78.03
473	-81.53
472	-83.81
471	-84.45
470	-85.16
469	-85.03
468	-85.19
467	-85.79
466	-86.08
465	-86.42
464	-87.92
463	-88.83
462	-88.97
461	-89.72
460	-90.40
459	-90.53
458	-91.23
457	-91.91
456	-91.46
455	-91.72
454	-92.14
453	-93.20
452	-94.57
451	-96.24
450	-98.35
449	-99.29
448	-99.64
447	-101.21
446	-103.55
445	-105.07
444	-108.07
443	-110.45
442	-111.36
441	-112.01
440	-113.29
439	-114.09
438	-115.56
437	-119.13
436	-122.38
435	-124.86
434	-126.43
433	-126.96
432	-126.94
431	-125.93
430	-122.92
429	-116.42
428	-107.32
427	-100.30
426	-91.55
425	-79.05
424	-71.82
423	-62.92
422	-53.58
421	-48.69
420	-44.95
419	-40.52
418	-35.70
417	-32.72
416	-27.86
415	-21.57
414	-17.39
413	-13.69
412	-9.64
411	-4.67
410	-1.68
409	-0.29
408	0.18
407	0.17
406	0.21
405	0.21
404	0.28
403	0.27
402	-0.04
401	-0.06
400	-0.81
399	-1.92
398	-3.16
397	-6.02
396	-10.12
395	-15.45
394	-21.81
393	-28.01
392	-33.97
391	-38.39
390	-41.76
389	-44.28
388	-46.34
387	-48.72
386	-52.48
385	-54.86
384	-56.31
383	-57.80
382	-58.96
381	-60.17
380	-60.88
379	-61.54
378	-62.05
377	-62.05
376	-62.25
375	-62.99
374	-63.79
373	-64.75
372	-65.20
371	-65.53
370	-66.25
369	-66.80
368	-67.97
367	-69.11
366	-70.77
365	-72.25
364	-74.99
363	-78.46
362	-80.77
361	-83.14
360	-84.79
359	-86.32
358	-87.48
357	-88.03
356	-88.73
355	-88.30
354	-88.02
353	-88.36
352	-89.94
351	-93.59
350	-96.80
349	-99.08
348	-100.98
347	-102.77
346	-105.12
345	-107.66
344	-110.10
343	-111.13
342	-111.05
341	-108.60
340	-101.29
339	-90.08
338	-79.78
337	-69.35
336	-54.30
335	-39.69
334	-26.71
333	-16.39
332	-10.30
331	-7.22
330	-4.52
329	-1.77
328	-0.77
327	-0.52
326	-0.46
325	-0.39
324	-0.84
323	-2.39
322	-3.42
321	-4.82
320	-6.43
319	-9.15
318	-13.45
317	-16.48
316	-18.65
315	-20.85
314	-21.75
313	-22.35
312	-23.12
311	-23.89
310	-25.19
309	-27.50
308	-31.64
307	-36.53
306	-41.71
305	-47.04
304	-51.36
303	-54.83
302	-56.85
301	-58.24
300	-60.45
299	-61.90
298	-62.97
297	-63.91
296	-64.38
295	-64.65
294	-64.04
293	-63.60
292	-61.86
291	-58.31
290	-55.46
289	-52.11
288	-48.74
287	-44.95
286	-41.95
285	-40.10
284	-39.65
283	-41.49
282	-46.35
281	-51.80
280	-57.78
279	-64.99
278	-71.41
277	-76.10
276	-79.58
275	-82.46
274	-83.81
273	-85.19
272	-86.95
271	-88.22
270	-88.37
269	-87.46
268	-87.58
267	-87.73
266	-86.46
265	-86.58
264	-85.91
263	-85.32
262	-85.87
261	-86.62
260	-86.50
259	-86.74
258	-87.66
257	-88.23
256	-88.31
255	-89.17
254	-90.26
253	-92.23
252	-93.53
251	-92.85
250	-90.61
249	-86.99
248	-82.76
247	-78.63
246	-73.85
245	-66.71
244	-55.88
243	-43.47
242	-33.01
241	-25.26
240	-20.83
239	-18.80
238	-17.88
237	-18.14
236	-19.76
235	-22.64
234	-30.07
233	-40.28
232	-50.90
231	-61.84
230	-69.60
229	-74.68
228	-78.05
227	-79.82
226	-82.05
225	-83.24
224	-83.30
223	-82.04
222	-77.87
221	-69.08
220	-57.37
219	-45.40
218	-33.89
217	-26.99
216	-22.90
215	-20.70
214	-20.10
213	-20.21
212	-20.52
211	-20.72
210	-21.15
209	-22.20
208	-23.38
207	-24.58
206	-25.84
205	-26.49
204	-26.45
203	-25.99
202	-24.68
201	-22.96
200	-22.29
199	-22.46
198	-22.87
197	-23.81
196	-25.34
195	-26.33
194	-27.51
193	-29.07
192	-34.38
191	-43.78
190	-53.81
189	-66.07
188	-77.05
187	-86.66
186	-94.89
185	-98.84
184	-99.24
183	-98.21
182	-95.25
181	-92.35
180	-90.89
179	-88.63
178	-86.08
177	-83.98
176	-81.19
175	-78.13
174	-76.13
173	-75.58
172	-76.80
171	-78.13
170	-79.42
169	-80.50
168	-81.12
167	-83.03
166	-86.81
165	-90.53
164	-94.48
163	-98.36
162	-101.02
161	-102.98
160	-104.67
159	-106.55
158	-108.74
157	-110.26
156	-109.89
155	-109.93
154	-108.55
153	-106.37
152	-105.68
151	-104.98
150	-104.12
149	-104.07
148	-105.36
147	-106.74
146	-108.21
145	-110.70
144	-112.79
143	-114.69
142	-117.20
141	-119.71
140	-121.19
139	-122.50
138	-122.62
137	-122.10
136	-120.83
135	-117.05
134	-109.09
133	-95.27
132	-74.98
131	-57.12
130	-47.16
129	-38.02
128	-27.63
127	-17.88
126	-6.73
125	-0.46
124	0.28
123	0.01
122	0.01
121	0.06
120	0.02
119	-1.14
118	-2.61
117	-4.13
116	-8.70
115	-16.47
114	-24.61
113	-33.01
112	-41.54
111	-48.98
110	-54.89
109	-58.19
108	-58.88
107	-56.92
106	-51.97
105	-47.34
104	-44.21
103	-41.98
102	-40.92
101	-39.08
100	-37.16
99	-36.44
98	-35.52
97	-34.85
96	-34.70
95	-34.78
94	-35.36
93	-37.18
92	-39.69
91	-41.47
90	-42.81
89	-44.29
88	-45.70
87	-46.37
86	-46.29
85	-44.76
84	-41.91
83	-39.16
82	-37.21
81	-36.93
80	-37.82
79	-39.36
78	-41.87
77	-44.69
76	-46.84
75	-49.93
74	-55.42
73	-61.02
72	-67.25
71	-73.46
70	-79.10
69	-83.59
68	-87.46
67	-90.95
66	-92.25
65	-92.10
64	-93.32
63	-93.97
62	-93.66
61	-93.73
60	-92.15
59	-89.68
58	-87.99
57	-85.53
56	-83.06
55	-81.65
54	-80.78
53	-79.67
52	-79.09
51	-78.77
50	-78.80
49	-79.37
48	-79.64
47	-79.33
46	-78.95
45	-79.51
44	-80.41
43	-81.59
42	-83.15
41	-84.44
40	-86.01
39	-87.14
38	-88.46
37	-89.95
36	-91.32
35	-93.41
34	-95.18
33	-96.84
32	-98.45
31	-100.02
30	-102.65
29	-105.95
28	-109.29
27	-112.56
26	-115.23
25	-117.48
24	-119.14
23	-120.85
22	-121.90
21	-122.82
20	-123.39
19	-123.40
18	-121.92
17	-117.12
16	-109.10
15	-97.38
14	-83.42
13	-67.70
12	-51.37
11	-36.74
10	-26.76
9	-18.93
8	-14.26
7	-11.49
6	-8.90
5	-6.32
4	-5.02
3	-3.79
2	-2.76
1	-1.96
0	-1.46
