430.00 -102.78
429.50 -96.89
429.00 -91.00
428.50 -86.16
428.00 -81.32
427.50 -77.37
427.00 -73.42
426.50 -70.25
426.00 -67.08
425.50 -64.33
425.00 -61.59
424.50 -58.77
424.00 -55.96
423.50 -53.11
423.00 -50.26
422.50 -47.44
422.00 -44.62
421.50 -41.80
421.00 -38.98
420.50 -36.21
420.00 -33.45
419.50 -30.73
419.00 -28.02
418.50 -25.29
418.00 -22.56
417.50 -19.88
417.00 -17.21
416.50 -14.45
416.00 -11.69
415.50 -8.78
415.00 -5.86
414.50 -3.90
414.00 -1.94
413.50 -1.08
413.00 -0.23
412.50 0.43
412.00 1.09
411.50 1.74
411.00 2.39
410.50 3.05
410.00 3.71
409.50 4.40
409.00 5.08
408.50 5.61
408.00 6.14
407.50 6.29
407.00 6.43
406.50 6.08
406.00 5.73
405.50 5.29
405.00 4.84
404.50 4.66
404.00 4.49
403.50 4.74
403.00 5.00
402.50 5.50
402.00 6.01
401.50 6.23
401.00 6.46
400.50 5.89
400.00 5.32
399.50 4.56
399.00 3.80
398.50 3.19
398.00 2.57
397.50 1.92
397.00 1.28
396.50 0.63
396.00 -0.02
395.50 -0.65
395.00 -1.27
394.50 -1.87
394.00 -2.46
393.50 -3.01
393.00 -3.55
392.50 -4.17
392.00 -4.78
391.50 -5.51
391.00 -6.23
390.50 -6.29
390.00 -6.35
389.50 -6.25
389.00 -6.16
388.50 -7.31
388.00 -8.47
387.50 -9.77
387.00 -11.08
386.50 -11.97
386.00 -12.87
385.50 -13.83
385.00 -14.79
384.50 -15.80
384.00 -16.82
383.50 -17.79
383.00 -18.76
382.50 -19.71
382.00 -20.66
381.50 -21.74
381.00 -22.82
380.50 -23.74
380.00 -24.65
379.50 -24.86
379.00 -25.06
378.50 -24.99
378.00 -24.93
377.50 -25.12
377.00 -25.31
376.50 -26.00
376.00 -26.69
375.50 -27.56
375.00 -28.42
374.50 -29.40
374.00 -30.37
373.50 -31.72
373.00 -33.08
372.50 -34.86
372.00 -36.64
371.50 -38.50
371.00 -40.37
370.50 -41.67
370.00 -42.97
369.50 -43.11
369.00 -43.26
368.50 -42.51
368.00 -41.75
367.50 -41.18
367.00 -40.62
366.50 -41.41
366.00 -42.21
365.50 -44.19
365.00 -46.17
364.50 -48.00
364.00 -49.83
363.50 -51.01
363.00 -52.19
362.50 -52.88
362.00 -53.58
361.50 -54.09
361.00 -54.60
360.50 -54.14
360.00 -53.69
359.50 -53.43
359.00 -53.18
358.50 -55.45
358.00 -57.72
357.50 -60.64
357.00 -63.56
356.50 -65.62
356.00 -67.67
355.50 -69.01
355.00 -70.34
354.50 -72.06
354.00 -73.77
353.50 -76.64
353.00 -79.52
352.50 -82.50
352.00 -85.49
351.50 -82.80
351.00 -80.11
350.50 -75.76
350.00 -71.41
349.50 -76.04
349.00 -80.67
348.50 -87.86
348.00 -95.06
347.50 -100.23
347.00 -105.40
346.50 -109.82
346.00 -114.23
345.50 -117.82
345.00 -121.41
344.50 -123.62
344.00 -125.84
343.50 -126.13
343.00 -126.42
342.50 -124.39
342.00 -122.36
341.50 -118.49
341.00 -114.62
340.50 -109.86
340.00 -105.10
339.50 -99.10
339.00 -93.10
338.50 -85.66
338.00 -78.22
337.50 -69.86
337.00 -61.51
336.50 -53.57
336.00 -45.63
335.50 -37.81
335.00 -30.00
334.50 -21.37
334.00 -12.74
333.50 -6.81
333.00 -0.89
332.50 1.27
332.00 3.42
331.50 4.00
331.00 4.59
330.50 4.61
330.00 4.62
329.50 4.19
329.00 3.76
328.50 2.71
328.00 1.65
327.50 0.74
327.00 -0.16
326.50 -0.62
326.00 -1.08
325.50 -1.53
325.00 -1.98
324.50 -3.01
324.00 -4.04
323.50 -6.12
323.00 -8.19
322.50 -11.24
322.00 -14.28
321.50 -16.83
321.00 -19.38
320.50 -20.56
320.00 -21.73
319.50 -21.78
319.00 -21.82
318.50 -21.67
318.00 -21.53
317.50 -21.34
317.00 -21.15
316.50 -20.41
316.00 -19.68
315.50 -18.95
315.00 -18.22
314.50 -17.66
314.00 -17.11
313.50 -16.53
313.00 -15.95
312.50 -16.24
312.00 -16.54
311.50 -17.99
311.00 -19.44
310.50 -21.41
310.00 -23.37
309.50 -25.28
309.00 -27.19
308.50 -28.33
308.00 -29.46
307.50 -29.34
307.00 -29.23
306.50 -29.03
306.00 -28.84
305.50 -29.13
305.00 -29.43
304.50 -30.08
304.00 -30.72
303.50 -32.80
303.00 -34.88
302.50 -38.45
302.00 -42.03
301.50 -45.94
301.00 -49.85
300.50 -53.35
300.00 -56.84
299.50 -58.93
299.00 -61.01
298.50 -60.86
298.00 -60.72
297.50 -59.61
297.00 -58.51
296.50 -57.03
296.00 -55.55
295.50 -53.47
295.00 -51.39
294.50 -49.94
294.00 -48.48
293.50 -47.71
293.00 -46.95
292.50 -45.44
292.00 -43.94
291.50 -40.41
291.00 -36.89
290.50 -32.01
290.00 -27.12
289.50 -23.17
289.00 -19.22
288.50 -17.55
288.00 -15.87
287.50 -16.12
287.00 -16.37
286.50 -16.92
286.00 -17.47
285.50 -17.41
285.00 -17.35
284.50 -17.68
284.00 -18.01
283.50 -20.76
283.00 -23.51
282.50 -28.01
282.00 -32.52
281.50 -37.64
281.00 -42.77
280.50 -47.80
280.00 -52.83
279.50 -57.77
279.00 -62.70
278.50 -66.56
278.00 -70.42
277.50 -71.59
277.00 -72.77
276.50 -71.62
276.00 -70.47
275.50 -68.65
275.00 -66.84
274.50 -66.67
274.00 -66.51
273.50 -69.56
273.00 -72.62
272.50 -77.78
272.00 -82.95
271.50 -87.08
271.00 -91.21
270.50 -93.04
270.00 -94.88
269.50 -94.55
269.00 -94.23
268.50 -92.91
268.00 -91.59
267.50 -90.87
267.00 -90.14
266.50 -90.44
266.00 -90.74
265.50 -91.28
265.00 -91.83
264.50 -91.93
264.00 -92.03
263.50 -91.32
263.00 -90.62
262.50 -89.21
262.00 -87.80
261.50 -86.51
261.00 -85.21
260.50 -84.72
260.00 -84.22
259.50 -84.83
259.00 -85.43
258.50 -87.11
258.00 -88.78
257.50 -90.06
257.00 -91.34
256.50 -90.47
256.00 -89.61
255.50 -88.88
255.00 -88.14
254.50 -88.97
254.00 -89.79
253.50 -91.76
253.00 -93.73
252.50 -96.59
252.00 -99.44
251.50 -102.23
251.00 -105.01
250.50 -106.38
250.00 -107.75
249.50 -107.85
249.00 -107.94
248.50 -107.02
248.00 -106.09
247.50 -104.02
247.00 -101.94
246.50 -98.16
246.00 -94.38
245.50 -88.60
245.00 -82.83
244.50 -75.68
244.00 -68.52
243.50 -62.59
243.00 -56.65
242.50 -52.20
242.00 -47.76
241.50 -42.98
241.00 -38.19
240.50 -34.05
240.00 -29.91
239.50 -27.64
239.00 -25.38
238.50 -24.75
238.00 -24.13
237.50 -21.09
237.00 -18.06
236.50 -13.72
236.00 -9.38
235.50 -9.27
235.00 -9.16
234.50 -12.20
234.00 -15.25
233.50 -20.99
233.00 -26.74
232.50 -35.57
232.00 -44.40
231.50 -50.97
231.00 -57.54
230.50 -59.98
230.00 -62.42
229.50 -63.78
229.00 -65.14
228.50 -68.31
228.00 -71.47
227.50 -76.14
227.00 -80.80
226.50 -83.21
226.00 -85.63
225.50 -80.87
225.00 -76.11
224.50 -65.04
224.00 -53.98
223.50 -43.10
223.00 -32.21
222.50 -26.03
222.00 -19.84
221.50 -18.01
221.00 -16.17
220.50 -14.76
220.00 -13.36
219.50 -11.52
219.00 -9.68
218.50 -7.87
218.00 -6.06
217.50 -5.03
217.00 -4.00
216.50 -3.70
216.00 -3.40
215.50 -3.47
215.00 -3.54
214.50 -3.65
214.00 -3.75
213.50 -4.02
213.00 -4.29
212.50 -4.92
212.00 -5.54
211.50 -6.50
211.00 -7.46
210.50 -8.16
210.00 -8.87
209.50 -9.20
209.00 -9.53
208.50 -9.90
208.00 -10.28
207.50 -10.83
207.00 -11.38
206.50 -12.12
206.00 -12.85
205.50 -13.65
205.00 -14.45
204.50 -14.96
204.00 -15.47
203.50 -16.51
203.00 -17.55
202.50 -20.29
202.00 -23.03
201.50 -25.13
201.00 -27.24
200.50 -26.74
200.00 -26.24
199.50 -23.04
199.00 -19.85
198.50 -16.39
198.00 -12.94
197.50 -11.31
197.00 -9.68
196.50 -10.52
196.00 -11.36
195.50 -13.50
195.00 -15.64
194.50 -17.62
194.00 -19.59
193.50 -20.70
193.00 -21.80
192.50 -23.81
192.00 -25.81
191.50 -29.48
191.00 -33.15
190.50 -37.75
190.00 -42.35
189.50 -47.62
189.00 -52.89
188.50 -57.98
188.00 -63.07
187.50 -66.80
187.00 -70.53
186.50 -73.16
186.00 -75.79
185.50 -78.06
185.00 -80.33
184.50 -82.58
184.00 -84.83
183.50 -85.59
183.00 -86.36
182.50 -85.72
182.00 -85.09
181.50 -84.50
181.00 -83.92
180.50 -82.35
180.00 -80.78
179.50 -77.92
179.00 -75.06
178.50 -72.10
178.00 -69.14
177.50 -67.85
177.00 -66.56
176.50 -67.24
176.00 -67.91
175.50 -69.40
175.00 -70.89
174.50 -72.75
174.00 -74.60
173.50 -76.16
173.00 -77.72
172.50 -77.90
172.00 -78.09
171.50 -75.81
171.00 -73.54
170.50 -69.80
170.00 -66.06
169.50 -63.13
169.00 -60.20
168.50 -57.31
168.00 -54.41
167.50 -51.97
167.00 -49.53
166.50 -49.50
166.00 -49.46
165.50 -52.02
165.00 -54.57
164.50 -59.32
164.00 -64.06
163.50 -69.64
163.00 -75.22
162.50 -77.21
162.00 -79.19
161.50 -79.14
161.00 -79.08
160.50 -82.58
160.00 -86.08
159.50 -88.15
159.00 -90.22
158.50 -87.84
158.00 -85.45
157.50 -81.46
157.00 -77.48
156.50 -79.19
156.00 -80.90
155.50 -88.27
155.00 -95.63
154.50 -101.69
154.00 -107.74
153.50 -111.46
153.00 -115.19
152.50 -117.06
152.00 -118.94
151.50 -119.47
151.00 -119.99
150.50 -119.93
150.00 -119.86
149.50 -119.33
149.00 -118.79
148.50 -117.26
148.00 -115.72
147.50 -113.01
147.00 -110.30
146.50 -107.66
146.00 -105.02
145.50 -104.33
145.00 -103.63
144.50 -103.91
144.00 -104.19
143.50 -105.18
143.00 -106.18
142.50 -108.17
142.00 -110.15
141.50 -112.30
141.00 -114.44
140.50 -116.22
140.00 -118.00
139.50 -120.07
139.00 -122.15
138.50 -124.74
138.00 -127.33
137.50 -128.14
137.00 -128.94
136.50 -127.47
136.00 -125.99
135.50 -120.19
135.00 -114.39
134.50 -101.90
134.00 -89.41
133.50 -81.19
133.00 -72.97
132.50 -62.14
132.00 -51.31
131.50 -38.24
131.00 -25.17
130.50 -17.43
130.00 -9.69
129.50 -6.03
129.00 -2.38
128.50 -0.48
128.00 1.43
127.50 2.61
127.00 3.79
126.50 4.57
126.00 5.35
125.50 5.85
125.00 6.36
124.50 6.37
124.00 6.39
123.50 5.76
123.00 5.13
122.50 4.17
122.00 3.21
121.50 2.39
121.00 1.57
120.50 0.98
120.00 0.38
119.50 -0.39
119.00 -1.16
118.50 -2.45
118.00 -3.74
117.50 -5.57
117.00 -7.39
116.50 -9.41
116.00 -11.42
115.50 -13.25
115.00 -15.08
114.50 -17.31
114.00 -19.54
113.50 -23.11
113.00 -26.69
112.50 -31.75
112.00 -36.82
111.50 -40.05
111.00 -43.29
110.50 -44.00
110.00 -44.72
109.50 -44.97
109.00 -45.23
108.50 -44.11
108.00 -43.00
107.50 -40.51
107.00 -38.03
106.50 -35.68
106.00 -33.33
105.50 -31.87
105.00 -30.40
104.50 -29.10
104.00 -27.79
103.50 -25.45
103.00 -23.11
102.50 -21.71
102.00 -20.31
101.50 -20.59
101.00 -20.86
100.50 -21.73
100.00 -22.61
99.50 -23.96
99.00 -25.31
98.50 -26.56
98.00 -27.81
97.50 -27.97
97.00 -28.13
96.50 -27.49
96.00 -26.86
95.50 -26.94
95.00 -27.02
94.50 -29.36
94.00 -31.70
93.50 -34.60
93.00 -37.51
92.50 -39.85
92.00 -42.20
91.50 -44.09
91.00 -45.98
90.50 -46.88
90.00 -47.79
89.50 -48.04
89.00 -48.29
88.50 -48.67
88.00 -49.04
87.50 -48.09
87.00 -47.13
86.50 -44.50
86.00 -41.87
85.50 -38.69
85.00 -35.50
84.50 -32.00
84.00 -28.49
83.50 -25.39
83.00 -22.30
82.50 -20.75
82.00 -19.21
81.50 -18.90
81.00 -18.59
80.50 -19.15
80.00 -19.70
79.50 -21.21
79.00 -22.72
78.50 -25.90
78.00 -29.07
77.50 -32.69
77.00 -36.31
76.50 -37.86
76.00 -39.40
75.50 -39.50
75.00 -39.59
74.50 -41.99
74.00 -44.38
73.50 -52.26
73.00 -60.14
72.50 -65.59
72.00 -71.04
71.50 -71.90
71.00 -72.77
70.50 -74.00
70.00 -75.24
69.50 -76.05
69.00 -76.86
68.50 -77.46
68.00 -78.05
67.50 -80.17
67.00 -82.29
66.50 -83.89
66.00 -85.49
65.50 -85.07
65.00 -84.65
64.50 -82.04
64.00 -79.44
63.50 -73.76
63.00 -68.09
62.50 -61.41
62.00 -54.74
61.50 -51.43
61.00 -48.11
60.50 -49.02
60.00 -49.92
59.50 -53.06
59.00 -56.20
58.50 -58.20
58.00 -60.21
57.50 -59.93
57.00 -59.66
56.50 -57.78
56.00 -55.90
55.50 -54.25
55.00 -52.61
54.50 -52.67
54.00 -52.73
53.50 -55.15
53.00 -57.56
52.50 -61.59
52.00 -65.63
51.50 -68.09
51.00 -70.55
50.50 -71.08
50.00 -71.61
49.50 -72.48
49.00 -73.35
48.50 -73.69
48.00 -74.04
47.50 -73.63
47.00 -73.22
46.50 -73.14
46.00 -73.05
45.50 -73.66
45.00 -74.28
44.50 -74.94
44.00 -75.60
43.50 -75.17
43.00 -74.74
42.50 -73.35
42.00 -71.96
41.50 -69.89
41.00 -67.82
40.50 -65.56
40.00 -63.30
39.50 -62.80
39.00 -62.30
38.50 -64.52
38.00 -66.73
37.50 -70.70
37.00 -74.67
36.50 -77.32
36.00 -79.96
35.50 -80.32
35.00 -80.68
34.50 -80.24
34.00 -79.80
33.50 -79.24
33.00 -78.67
32.50 -78.57
32.00 -78.47
31.50 -79.37
31.00 -80.28
30.50 -81.83
30.00 -83.38
29.50 -85.72
29.00 -88.06
28.50 -91.56
28.00 -95.06
27.50 -98.25
27.00 -101.43
26.50 -103.81
26.00 -106.20
25.50 -108.52
25.00 -110.84
24.50 -112.85
24.00 -114.86
23.50 -116.29
23.00 -117.71
22.50 -118.64
22.00 -119.57
21.50 -120.59
21.00 -121.61
20.50 -122.32
20.00 -123.02
19.50 -122.30
19.00 -121.58
18.50 -119.95
18.00 -118.32
17.50 -116.24
17.00 -114.17
16.50 -111.49
16.00 -108.81
15.50 -104.71
15.00 -100.60
14.50 -94.77
14.00 -88.94
13.50 -81.85
13.00 -74.76
12.50 -67.26
12.00 -59.77
11.50 -52.38
11.00 -44.99
10.50 -37.91
10.00 -30.83
9.50 -24.66
9.00 -18.48
8.50 -14.11
8.00 -9.74
7.50 -7.79
7.00 -5.84
6.50 -4.92
6.00 -4.00
5.50 -3.26
5.00 -2.51
4.50 -2.03
4.00 -1.56
3.50 -1.18
3.00 -0.80
2.50 -0.47
2.00 -0.15
1.50 -0.03
1.00 0.09
0.50 -0.09
0.00 -0.27
